# time_s gauge_0_train_simulated gauge_0_train_observed gauge_1_train_simulated gauge_1_train_observed gauge_2_test_simulated gauge_2_test_observed
2.0000000000e-01 -2.1216535473e-12 2.3400000000e-03 -7.7883497106e-06 5.5000000000e-04 -8.3527433225e-09 1.0500000000e-03
4.0000000000e-01 -1.4721823725e-09 2.3400000000e-03 -2.2168907806e-05 7.5000000000e-04 -2.0832144132e-07 1.0500000000e-03
6.0000000000e-01 -6.4626437559e-08 2.3400000000e-03 -3.5985562536e-05 6.5000000000e-04 -1.4416753061e-06 1.1500000000e-03
8.0000000000e-01 -1.0093441328e-06 2.3400000000e-03 -4.8421482602e-05 7.5000000000e-04 -6.0624267697e-06 1.1500000000e-03
1.0000000000e+00 -8.7524881409e-06 2.3400000000e-03 -5.7480517326e-05 6.5000000000e-04 -1.8450998910e-05 1.2500000000e-03
1.2000000000e+00 -3.5886553856e-05 2.4400000000e-03 -6.0428679662e-05 7.5000000000e-04 -3.1596702521e-05 1.4500000000e-03
1.4000000000e+00 -6.8919726834e-05 2.5400000000e-03 -5.8862425911e-05 7.5000000000e-04 -3.8975006720e-05 1.4500000000e-03
1.6000000000e+00 -8.4099670930e-05 2.5400000000e-03 -5.3985867214e-05 7.5000000000e-04 -4.1865214486e-05 1.4500000000e-03
1.8000000000e+00 -7.4296867989e-05 2.6400000000e-03 -4.5241187656e-05 7.5000000000e-04 -3.9244689274e-05 1.4500000000e-03
2.0000000000e+00 -5.6149840786e-05 2.6400000000e-03 -3.4634444890e-05 4.5000000000e-04 -2.0715811194e-05 1.5500000000e-03
2.2000000000e+00 -2.6466600766e-05 2.8400000000e-03 -2.4121981028e-05 7.5000000000e-04 9.9554929307e-06 1.5500000000e-03
2.4000000000e+00 -6.0402179853e-06 2.9400000000e-03 -1.4791480831e-05 9.5000000000e-04 2.7795986938e-05 1.5500000000e-03
2.6000000000e+00 1.3198861197e-06 3.1400000000e-03 -7.6906876577e-06 9.5000000000e-04 3.0091541820e-05 1.7500000000e-03
2.8000000000e+00 8.3088329962e-06 3.2400000000e-03 -2.7832935883e-06 2.3500000000e-03 2.4220137313e-05 1.8500000000e-03
3.0000000000e+00 2.3676103049e-05 4.0400000000e-03 -5.4831827670e-07 3.3500000000e-03 1.3147662012e-05 1.6500000000e-03
3.2000000000e+00 4.4118865309e-05 4.3400000000e-03 -8.8818383928e-07 3.3500000000e-03 -3.5893980462e-06 1.6500000000e-03
3.4000000000e+00 5.3729134877e-05 4.2400000000e-03 -2.5041379151e-06 3.3500000000e-03 -1.7830309779e-05 1.7500000000e-03
3.6000000000e+00 5.4722828674e-05 4.2400000000e-03 -3.1550408698e-06 3.5500000000e-03 -2.0903698035e-05 2.5500000000e-03
3.8000000000e+00 4.9669835049e-05 4.7400000000e-03 -1.2499390064e-06 3.6500000000e-03 -1.1868523928e-05 2.8500000000e-03
4.0000000000e+00 3.9768798720e-05 4.9400000000e-03 4.0789422545e-06 3.5500000000e-03 7.7478694982e-07 2.9500000000e-03
4.2000000000e+00 2.8951482087e-05 4.8400000000e-03 1.3357771021e-05 3.6500000000e-03 1.0883474185e-05 3.0500000000e-03
4.4000000000e+00 1.9757265475e-05 4.9400000000e-03 2.4529551829e-05 3.6500000000e-03 1.7990406469e-05 3.1500000000e-03
4.6000000000e+00 1.1397532534e-05 5.0400000000e-03 3.5860004959e-05 3.7500000000e-03 2.2799373582e-05 3.7500000000e-03
4.8000000000e+00 -3.9494246165e-07 5.1400000000e-03 4.4459249818e-05 4.2500000000e-03 2.8310375795e-05 3.5500000000e-03
5.0000000000e+00 -4.9721789432e-05 5.1400000000e-03 4.9037174325e-05 4.6500000000e-03 3.4995436801e-05 3.5500000000e-03
5.2000000000e+00 -1.4494670396e-04 5.0400000000e-03 4.8917321753e-05 4.9500000000e-03 4.3151744228e-05 3.7500000000e-03
5.4000000000e+00 1.3208415664e-05 4.8400000000e-03 4.4853033071e-05 4.9500000000e-03 4.9335772317e-05 3.8500000000e-03
5.6000000000e+00 1.8236866261e-03 4.7400000000e-03 3.7481504491e-05 5.0500000000e-03 5.1231229785e-05 3.9500000000e-03
5.8000000000e+00 3.5939212927e-03 4.5400000000e-03 2.1022582233e-05 4.9500000000e-03 6.0132330381e-05 4.0500000000e-03
6.0000000000e+00 4.0227318266e-03 4.3400000000e-03 3.2675347109e-06 4.7500000000e-03 2.1268215559e-04 3.9500000000e-03
6.2000000000e+00 3.6977723512e-03 4.2400000000e-03 8.1103475993e-05 4.4500000000e-03 1.5510480417e-03 4.0500000000e-03
6.4000000000e+00 2.9678985618e-03 4.1400000000e-03 1.1779995385e-03 4.2500000000e-03 3.5166697808e-03 3.9500000000e-03
6.6000000000e+00 2.3098995743e-03 4.2400000000e-03 3.1454118178e-03 4.0500000000e-03 4.5130390712e-03 3.8500000000e-03
6.8000000000e+00 1.7705167269e-03 4.1400000000e-03 4.3082153881e-03 3.9500000000e-03 4.4561918090e-03 3.7500000000e-03
7.0000000000e+00 1.3963478808e-03 4.0400000000e-03 4.7644562135e-03 3.0500000000e-03 4.2580014817e-03 3.6500000000e-03
7.2000000000e+00 1.1907599599e-03 4.2400000000e-03 4.6620257798e-03 2.6500000000e-03 4.1394682652e-03 3.6500000000e-03
7.4000000000e+00 1.1099312497e-03 4.3400000000e-03 3.9840353414e-03 2.7500000000e-03 3.9645655285e-03 3.5500000000e-03
7.6000000000e+00 1.1310863624e-03 4.0400000000e-03 3.3387217441e-03 2.9500000000e-03 3.7445062901e-03 3.4500000000e-03
7.8000000000e+00 1.2315012010e-03 3.7400000000e-03 2.8847165539e-03 3.6500000000e-03 3.5563838254e-03 3.4500000000e-03
8.0000000000e+00 1.3373709800e-03 3.6400000000e-03 2.5856408355e-03 3.7500000000e-03 3.5226183085e-03 3.0500000000e-03
8.2000000000e+00 1.3968193258e-03 3.5400000000e-03 2.4314605900e-03 3.5500000000e-03 3.3506900798e-03 2.6500000000e-03
8.4000000000e+00 1.4410919492e-03 3.5400000000e-03 2.4977905377e-03 3.6500000000e-03 3.1325067466e-03 2.1500000000e-03
8.6000000000e+00 1.5331858148e-03 3.3400000000e-03 2.6713483128e-03 3.6500000000e-03 2.8804718418e-03 2.0500000000e-03
8.8000000000e+00 1.7290916030e-03 2.8400000000e-03 2.6787294373e-03 2.8500000000e-03 2.7878470061e-03 1.9500000000e-03
9.0000000000e+00 1.9570542043e-03 2.7400000000e-03 2.3467236433e-03 2.6500000000e-03 3.0167125482e-03 1.7500000000e-03
9.2000000000e+00 1.9610248990e-03 2.5400000000e-03 1.8592061312e-03 2.5500000000e-03 2.9665378460e-03 1.6500000000e-03
9.4000000000e+00 1.5582289482e-03 2.5400000000e-03 1.4222827150e-03 2.1500000000e-03 2.2943339062e-03 1.5500000000e-03
9.6000000000e+00 7.8799100729e-04 1.6400000000e-03 1.1085141689e-03 9.5000000000e-04 1.3942106473e-03 1.4500000000e-03
9.8000000000e+00 5.5832577122e-05 1.3400000000e-03 8.7309607571e-04 1.5000000000e-04 5.6120515617e-04 1.4500000000e-03
1.0000000000e+01 -4.3719290031e-04 -6.6000000000e-04 6.0526386067e-04 -1.5000000000e-04 -8.4549579736e-05 1.2500000000e-03
1.0200000000e+01 -6.2011500418e-04 -1.9600000000e-03 2.7462233152e-04 -7.5000000000e-04 -5.5577573072e-04 1.1500000000e-03
1.0400000000e+01 -8.3055629104e-04 -2.6600000000e-03 -7.4909297775e-05 -1.8500000000e-03 -8.5351290090e-04 1.1500000000e-03
1.0600000000e+01 -1.3648911299e-03 -2.9600000000e-03 -4.1614822437e-04 -2.0500000000e-03 -1.0801061793e-03 1.2500000000e-03
1.0800000000e+01 -2.0493302159e-03 -3.8600000000e-03 -7.2375005196e-04 -2.1500000000e-03 -1.2797133652e-03 1.1500000000e-03
1.1000000000e+01 -2.6768780323e-03 -4.3600000000e-03 -9.8923004075e-04 -2.3500000000e-03 -1.5010887560e-03 8.5000000000e-04
1.1200000000e+01 -3.2313278040e-03 -4.8600000000e-03 -1.2102305670e-03 -2.4500000000e-03 -1.8007818773e-03 3.5000000000e-04
1.1400000000e+01 -3.7530005064e-03 -4.9600000000e-03 -1.3944363871e-03 -2.4500000000e-03 -2.1279234035e-03 1.5000000000e-04
1.1600000000e+01 -4.2885887392e-03 -5.1600000000e-03 -1.5496609943e-03 -2.6500000000e-03 -2.4699269682e-03 5.0000000000e-05
1.1800000000e+01 -4.8722806390e-03 -5.5600000000e-03 -1.6769273812e-03 -2.8500000000e-03 -2.8477099753e-03 -2.5000000000e-04
1.2000000000e+01 -5.5155762219e-03 -5.9600000000e-03 -1.7690899049e-03 -3.2500000000e-03 -3.2645581157e-03 -7.5000000000e-04
1.2200000000e+01 -6.2045457897e-03 -6.3600000000e-03 -1.8120310008e-03 -3.7500000000e-03 -3.7093838585e-03 -1.1500000000e-03
1.2400000000e+01 -6.9494851978e-03 -6.5600000000e-03 -1.8038732019e-03 -4.0500000000e-03 -4.1211726929e-03 -1.4500000000e-03
1.2600000000e+01 -7.7133365751e-03 -7.1600000000e-03 -1.7853579113e-03 -4.3500000000e-03 -4.4492377081e-03 -1.6500000000e-03
1.2800000000e+01 -8.4357226074e-03 -7.4600000000e-03 -1.7872455152e-03 -4.5500000000e-03 -4.6991361975e-03 -1.9500000000e-03
1.3000000000e+01 -9.0689711708e-03 -7.9600000000e-03 -1.8192552735e-03 -4.6500000000e-03 -4.8785308685e-03 -2.0500000000e-03
1.3200000000e+01 -9.5762205481e-03 -8.3600000000e-03 -1.8755767744e-03 -4.8500000000e-03 -5.0016507816e-03 -2.1500000000e-03
1.3400000000e+01 -9.9954079314e-03 -8.5600000000e-03 -1.9470332884e-03 -4.9500000000e-03 -5.0837684634e-03 -2.3500000000e-03
1.3600000000e+01 -1.0339558161e-02 -8.8600000000e-03 -2.0237843830e-03 -5.2500000000e-03 -5.1361831603e-03 -2.3500000000e-03
1.3800000000e+01 -1.0618417599e-02 -8.9600000000e-03 -2.0963997731e-03 -5.5500000000e-03 -5.1733236082e-03 -2.4500000000e-03
1.4000000000e+01 -1.0885473930e-02 -8.9600000000e-03 -2.1595142068e-03 -6.0500000000e-03 -5.2009527211e-03 -2.4500000000e-03
1.4200000000e+01 -7.2636541238e-03 -8.8600000000e-03 -2.2148030893e-03 -6.9500000000e-03 -5.2222815470e-03 -2.4500000000e-03
1.4400000000e+01 2.8505458048e-04 4.7400000000e-03 -1.9154175767e-03 -7.2500000000e-03 -5.2403678145e-03 -2.5500000000e-03
1.4600000000e+01 3.7909667664e-03 5.0400000000e-03 1.6497514464e-03 4.5000000000e-04 -4.0979041628e-03 -2.5500000000e-03
1.4800000000e+01 6.0751493824e-03 5.7400000000e-03 4.2075214526e-03 4.8500000000e-03 3.5863307813e-03 3.6500000000e-03
1.5000000000e+01 8.2782897195e-03 6.8400000000e-03 6.2483659026e-03 8.0500000000e-03 8.7761877118e-03 7.8500000000e-03
1.5200000000e+01 1.0089503375e-02 8.5400000000e-03 8.3138013693e-03 1.1850000000e-02 1.1999735907e-02 9.6500000000e-03
1.5400000000e+01 1.1529061007e-02 9.3400000000e-03 1.0082974046e-02 1.3350000000e-02 1.4890356420e-02 1.0650000000e-02
1.5600000000e+01 1.2527362973e-02 1.0940000000e-02 1.1839207343e-02 1.4250000000e-02 1.7422198912e-02 1.2450000000e-02
1.5800000000e+01 1.3190933685e-02 1.2340000000e-02 1.3367383420e-02 1.6150000000e-02 1.9446271784e-02 1.4350000000e-02
1.6000000000e+01 1.3571545451e-02 1.2340000000e-02 1.4289806643e-02 1.7550000000e-02 2.2323289809e-02 1.6450000000e-02
1.6200000000e+01 1.3802644000e-02 1.2540000000e-02 1.4844926790e-02 1.8050000000e-02 2.6449163234e-02 1.9350000000e-02
1.6400000000e+01 1.4005613324e-02 1.2640000000e-02 1.5603231551e-02 1.8150000000e-02 2.8594697006e-02 2.5350000000e-02
1.6600000000e+01 1.4227065354e-02 1.2940000000e-02 1.6389655621e-02 1.8250000000e-02 3.1654765810e-02 2.6850000000e-02
1.6800000000e+01 1.4284173485e-02 1.3040000000e-02 2.6232671736e-02 1.9650000000e-02 3.8296026262e-02 4.1850000000e-02
1.7000000000e+01 1.4021734581e-02 1.3040000000e-02 3.6670826405e-02 3.8950000000e-02 4.1877910953e-02 3.4350000000e-02
1.7200000000e+01 1.3745180607e-02 1.3040000000e-02 3.5673706828e-02 3.2350000000e-02 4.2609333523e-02 3.6850000000e-02
1.7400000000e+01 1.5563577264e-02 1.9640000000e-02 3.4127495944e-02 3.3250000000e-02 4.0294878397e-02 3.5850000000e-02
1.7600000000e+01 2.6836009048e-02 3.1140000000e-02 3.3169518718e-02 3.2750000000e-02 3.7449220263e-02 3.8150000000e-02
1.7800000000e+01 2.9548024197e-02 2.9140000000e-02 3.1942446811e-02 3.2650000000e-02 3.5328565050e-02 3.1650000000e-02
1.8000000000e+01 2.8456079715e-02 2.6940000000e-02 3.0354204511e-02 2.7550000000e-02 3.3377139843e-02 3.0350000000e-02
1.8200000000e+01 3.0991205847e-02 3.2140000000e-02 2.8871902547e-02 2.4650000000e-02 3.1178455212e-02 2.6550000000e-02
1.8400000000e+01 3.2711110586e-02 3.6140000000e-02 2.7486301953e-02 2.4450000000e-02 2.9089218886e-02 2.4450000000e-02
1.8600000000e+01 3.2149813361e-02 2.8840000000e-02 2.5776213072e-02 2.2650000000e-02 2.7066850825e-02 2.1050000000e-02
1.8800000000e+01 3.1111586233e-02 3.3140000000e-02 2.3708343414e-02 2.2350000000e-02 2.5332594473e-02 1.9250000000e-02
1.9000000000e+01 3.0189084236e-02 3.0340000000e-02 2.1503568422e-02 2.9250000000e-02 2.3613420195e-02 1.8250000000e-02
1.9200000000e+01 2.8633104040e-02 3.0040000000e-02 2.0773337550e-02 2.5250000000e-02 2.1726263588e-02 1.6350000000e-02
1.9400000000e+01 2.6916750155e-02 3.1240000000e-02 2.2613939207e-02 2.2550000000e-02 1.9709256280e-02 1.5050000000e-02
1.9600000000e+01 2.5561828487e-02 2.7940000000e-02 2.3177679002e-02 2.3250000000e-02 1.7659691626e-02 1.4250000000e-02
1.9800000000e+01 2.4456069211e-02 2.9240000000e-02 2.1401873640e-02 1.9950000000e-02 1.5741982451e-02 1.4150000000e-02
2.0000000000e+01 2.3094974200e-02 2.3140000000e-02 1.9498833870e-02 1.6650000000e-02 1.4186332147e-02 1.6850000000e-02
2.0200000000e+01 2.1587050725e-02 2.0240000000e-02 1.8101587200e-02 1.9550000000e-02 1.3394561868e-02 1.2850000000e-02
2.0400000000e+01 2.0036968487e-02 2.3340000000e-02 1.6928245378e-02 1.5750000000e-02 1.2780982218e-02 1.0550000000e-02
2.0600000000e+01 1.8567788415e-02 1.9540000000e-02 1.5868716782e-02 1.8950000000e-02 1.2061266826e-02 1.1050000000e-02
2.0800000000e+01 1.7229194492e-02 1.8940000000e-02 1.5019256840e-02 1.4350000000e-02 1.1459659425e-02 1.0450000000e-02
2.1000000000e+01 1.5907630227e-02 1.7740000000e-02 1.4211877551e-02 1.3950000000e-02 1.0863750549e-02 1.0050000000e-02
2.1200000000e+01 1.4632159112e-02 1.8340000000e-02 1.3344541930e-02 1.7950000000e-02 1.0216282420e-02 1.1250000000e-02
2.1400000000e+01 1.3342611838e-02 1.3940000000e-02 1.2531389836e-02 1.2750000000e-02 9.6588315093e-03 1.0450000000e-02
2.1600000000e+01 1.1965434341e-02 1.0040000000e-02 1.1726054026e-02 1.1250000000e-02 9.1325292582e-03 9.7500000000e-03
2.1800000000e+01 1.0454868320e-02 7.3400000000e-03 1.0858304613e-02 9.3500000000e-03 8.4466591307e-03 8.7500000000e-03
2.2000000000e+01 8.8839190765e-03 6.8400000000e-03 9.9292176331e-03 8.6500000000e-03 7.6022926324e-03 8.7500000000e-03
2.2200000000e+01 7.3498078481e-03 5.2400000000e-03 8.9486927679e-03 8.0500000000e-03 6.7166843355e-03 6.4500000000e-03
2.2400000000e+01 5.8719100904e-03 4.2400000000e-03 7.9526176859e-03 7.4500000000e-03 5.8658200279e-03 4.7500000000e-03
2.2600000000e+01 4.4636814523e-03 3.0400000000e-03 6.9943328800e-03 6.6500000000e-03 5.0628380787e-03 3.9500000000e-03
2.2800000000e+01 3.1144876269e-03 1.5400000000e-03 6.0809364989e-03 3.6500000000e-03 4.2409804625e-03 3.5500000000e-03
2.3000000000e+01 1.7923737852e-03 9.4000000000e-04 5.2346070584e-03 1.2500000000e-03 3.3621681154e-03 3.0500000000e-03
2.3200000000e+01 4.7160169612e-04 1.4000000000e-04 4.4645285914e-03 8.5000000000e-04 2.4395934604e-03 1.8500000000e-03
2.3400000000e+01 -8.4829293961e-04 -7.6000000000e-04 3.7637308164e-03 5.5000000000e-04 1.4744758984e-03 9.5000000000e-04
2.3600000000e+01 -2.1302127967e-03 -1.1600000000e-03 3.1190706539e-03 4.5000000000e-04 5.0444294976e-04 3.5000000000e-04
2.3800000000e+01 -3.3471209194e-03 -2.1600000000e-03 2.5276339735e-03 -2.5000000000e-04 -4.3307275769e-04 -2.5000000000e-04
2.4000000000e+01 -4.4768168110e-03 -5.1600000000e-03 1.9846930638e-03 -1.7500000000e-03 -1.3274265428e-03 -6.5000000000e-04
2.4200000000e+01 -5.5047804589e-03 -6.1600000000e-03 1.4852550156e-03 -2.2500000000e-03 -2.1357392228e-03 -1.3500000000e-03
2.4400000000e+01 -6.4153975119e-03 -6.9600000000e-03 1.0227319792e-03 -3.3500000000e-03 -2.8383047329e-03 -2.2500000000e-03
2.4600000000e+01 -7.1927801210e-03 -7.5600000000e-03 6.1383665494e-04 -3.7500000000e-03 -3.4161699016e-03 -2.6500000000e-03
2.4800000000e+01 -7.8219942753e-03 -7.7600000000e-03 2.5833832397e-04 -4.4500000000e-03 -3.8284614204e-03 -2.8500000000e-03
2.5000000000e+01 -8.3584051159e-03 -7.9600000000e-03 -5.5839962282e-05 -4.6500000000e-03 -4.1098316731e-03 -3.0500000000e-03
2.5200000000e+01 -8.8325679155e-03 -7.9600000000e-03 -3.4881290749e-04 -5.1500000000e-03 -4.3070137971e-03 -3.1500000000e-03
2.5400000000e+01 -9.2401411015e-03 -8.1600000000e-03 -6.2525603179e-04 -5.3500000000e-03 -4.4638543453e-03 -3.1500000000e-03
2.5600000000e+01 -9.6015184607e-03 -8.2600000000e-03 -8.7889920988e-04 -5.5500000000e-03 -4.5906546536e-03 -3.2500000000e-03
2.5800000000e+01 -9.9341817962e-03 -8.5600000000e-03 -1.1113423130e-03 -5.6500000000e-03 -4.6979488843e-03 -3.2500000000e-03
2.6000000000e+01 -1.0237819164e-02 -8.9600000000e-03 -1.3250603155e-03 -5.6500000000e-03 -4.7895268776e-03 -3.3500000000e-03
2.6200000000e+01 -1.0515712074e-02 -9.1600000000e-03 -1.5087101481e-03 -5.7500000000e-03 -4.8670117083e-03 -3.3500000000e-03
2.6400000000e+01 -1.0775849603e-02 -9.1600000000e-03 -1.6613043784e-03 -5.8500000000e-03 -4.9307364576e-03 -3.3500000000e-03
2.6600000000e+01 -1.1025560024e-02 -9.2600000000e-03 -1.7844981909e-03 -5.8500000000e-03 -4.9857590245e-03 -3.3500000000e-03
2.6800000000e+01 -1.1263314794e-02 -9.3600000000e-03 -1.8818078503e-03 -5.8500000000e-03 -5.0331639416e-03 -3.3500000000e-03
2.7000000000e+01 -1.1489265962e-02 -9.3600000000e-03 -1.9603639524e-03 -5.8500000000e-03 -5.0731785057e-03 -3.3500000000e-03
2.7200000000e+01 -1.1696549893e-02 -9.3600000000e-03 -2.0238310507e-03 -5.8500000000e-03 -5.1071338270e-03 -3.4500000000e-03
2.7400000000e+01 -1.1865381331e-02 -9.4600000000e-03 -2.0754544911e-03 -5.8500000000e-03 -5.1365373872e-03 -3.4500000000e-03
2.7600000000e+01 -1.2000378871e-02 -9.4600000000e-03 -2.1182693823e-03 -5.9500000000e-03 -5.1623028627e-03 -3.4500000000e-03
2.7800000000e+01 -1.2118177017e-02 -9.4600000000e-03 -2.1548328207e-03 -5.8500000000e-03 -5.1848355160e-03 -3.4500000000e-03
2.8000000000e+01 -1.2204923838e-02 -9.4600000000e-03 -2.1866887472e-03 -5.8500000000e-03 -5.2045447756e-03 -3.4500000000e-03
2.8200000000e+01 -1.2270610641e-02 -9.6600000000e-03 -2.2145136011e-03 -5.8500000000e-03 -5.2219183951e-03 -3.5500000000e-03
2.8400000000e+01 -1.2322388682e-02 -9.6600000000e-03 -2.2405800023e-03 -5.8500000000e-03 -5.2350698546e-03 -3.5500000000e-03
2.8600000000e+01 -1.2363665548e-02 -9.6600000000e-03 -2.2648310585e-03 -5.8500000000e-03 -4.6917368981e-03 -3.5500000000e-03
2.8800000000e+01 -1.2403951726e-02 -9.6600000000e-03 -2.2872246299e-03 -5.8500000000e-03 -2.7709727146e-03 -3.5500000000e-03
2.9000000000e+01 -1.2440654541e-02 -9.7600000000e-03 -2.3078280988e-03 -5.9500000000e-03 -1.3522540416e-03 -3.5500000000e-03
2.9200000000e+01 -1.2473030231e-02 -9.7600000000e-03 -2.3266638199e-03 -6.0500000000e-03 -9.1931850157e-04 -3.5500000000e-03
2.9400000000e+01 -1.2501501850e-02 -9.9600000000e-03 -2.3437782963e-03 -5.8500000000e-03 -1.2027307046e-03 -3.5500000000e-03
2.9600000000e+01 -1.2526688912e-02 -9.9600000000e-03 -2.3592465398e-03 -5.8500000000e-03 -1.6635665805e-03 -3.6500000000e-03
2.9800000000e+01 -1.2549131652e-02 -1.0060000000e-02 -2.3732169719e-03 -5.8500000000e-03 -2.1405067587e-03 -3.5500000000e-03
