# epoch total_loss train_loss test_loss first_derivative second_derivative amplitude gradient_norm learning_rate elapsed_seconds
1.0000000000e+00 1.3194461557e-04 1.3194461557e-04 1.1515386535e-04 0.0000000000e+00 0.0000000000e+00 0.0000000000e+00 2.1159977151e-04 2.0000000000e-02 8.6093930870e+01
2.0000000000e+00 1.2003165936e-04 1.2003165892e-04 1.0417427254e-04 3.0676662458e-10 7.1700155491e-12 6.0762679226e-08 1.8574940828e-04 2.0000000000e-02 8.5299348502e+01
3.0000000000e+00 1.1021050232e-04 1.1021050065e-04 9.5617169825e-05 1.1760266414e-09 2.6673372545e-11 2.3395946287e-07 1.6868572468e-04 2.0000000000e-02 8.6787264296e+01
4.0000000000e+00 1.0189074514e-04 1.0189074158e-04 8.8732371562e-05 2.5104699733e-09 5.4866608620e-11 5.0380699093e-07 1.5791285885e-04 2.0000000000e-02 8.6237052328e+01
5.0000000000e+00 9.4446643670e-05 9.4446637705e-05 8.2882141887e-05 4.2230690746e-09 8.8491811605e-11 8.5643199752e-07 1.4938541575e-04 2.0000000000e-02 8.6557028995e+01
6.0000000000e+00 8.7704083909e-05 8.7704075086e-05 7.7461709863e-05 6.2756934258e-09 1.2658343658e-10 1.2814572009e-06 1.4033857595e-04 2.0000000000e-02 8.8081149836e+01
7.0000000000e+00 8.1706215874e-05 8.1706203762e-05 7.2334920171e-05 8.6503446197e-09 1.6928430424e-10 1.7691465442e-06 1.3105142050e-04 2.0000000000e-02 8.7616214618e+01
8.0000000000e+00 7.6485675682e-05 7.6485659888e-05 6.7467647346e-05 1.1319678865e-08 2.1671245620e-10 2.3068404605e-06 1.2221862836e-04 2.0000000000e-02 8.6853756974e+01
9.0000000000e+00 7.1928910937e-05 7.1928891126e-05 6.2863559287e-05 1.4245445354e-08 2.6851634747e-10 2.8808547585e-06 1.1488028673e-04 2.0000000000e-02 8.8155531745e+01
1.0000000000e+01 6.7858031057e-05 6.7858006962e-05 5.8567723983e-05 1.7379887171e-08 3.2372635949e-10 3.4781851755e-06 1.0918255476e-04 2.0000000000e-02 8.7933897918e+01
1.1000000000e+01 6.4102916717e-05 6.4102888115e-05 5.4604274042e-05 2.0694615169e-08 3.8166448113e-10 4.0906765241e-06 1.0431583685e-04 2.0000000000e-02 8.7535187350e+01
1.2000000000e+01 6.0598434880e-05 6.0598401577e-05 5.0952318851e-05 2.4172491132e-08 4.4179731699e-10 4.7128482201e-06 9.9690345470e-05 2.0000000000e-02 8.7892443001e+01
1.3000000000e+01 5.7307514424e-05 5.7307476249e-05 4.7589002730e-05 2.7797960466e-08 5.0368713144e-10 5.3399556588e-06 9.5230050975e-05 2.0000000000e-02 8.7072786714e+01
1.4000000000e+01 5.4193419686e-05 5.4193376484e-05 4.4484544809e-05 3.1562042902e-08 5.6708107355e-10 5.9690640259e-06 9.1019543856e-05 2.0000000000e-02 8.7384251466e+01
1.5000000000e+01 5.1245154765e-05 5.1245106382e-05 4.1609920560e-05 3.5464937444e-08 6.3198169506e-10 6.5985440033e-06 8.6878659546e-05 2.0000000000e-02 8.7857068375e+01
1.6000000000e+01 4.8444162787e-05 4.8444109070e-05 3.8947827453e-05 3.9505685376e-08 6.9849848938e-10 7.2266841068e-06 8.3379142217e-05 2.0000000000e-02 8.7369329601e+01
1.7000000000e+01 4.5767990194e-05 4.5767930977e-05 3.6481782172e-05 4.3693011984e-08 7.6709234803e-10 7.8528566305e-06 7.9831653913e-05 2.0000000000e-02 8.7716911356e+01
1.8000000000e+01 4.3216268609e-05 4.3216203712e-05 3.4198773447e-05 4.8037041046e-08 8.3833576461e-10 8.4768206879e-06 7.6562761141e-05 2.0000000000e-02 8.7308000518e+01
1.9000000000e+01 4.0773699721e-05 4.0773628944e-05 3.2085620930e-05 5.2549574834e-08 9.1289160600e-10 9.0988795205e-06 7.3338669939e-05 2.0000000000e-02 8.7702705109e+01
2.0000000000e+01 3.8446343396e-05 3.8446266519e-05 3.0131515225e-05 5.7243229365e-08 9.9140164682e-10 9.7200176814e-06 7.0236145910e-05 2.0000000000e-02 8.7567314874e+01
2.1000000000e+01 3.6223650583e-05 3.6223567371e-05 2.8328842066e-05 6.2126623996e-08 1.0744785238e-09 1.0340891507e-05 6.7018509736e-05 2.0000000000e-02 8.7712887389e+01
2.2000000000e+01 3.4118363067e-05 3.4118273266e-05 2.6651977646e-05 6.7210365171e-08 1.1629138205e-09 1.0961368454e-05 6.3698677566e-05 2.0000000000e-02 8.7973573200e+01
2.3000000000e+01 3.2126013137e-05 3.2125916490e-05 2.5074751309e-05 7.2494597978e-08 1.2570090816e-09 1.1581973211e-05 6.0683025266e-05 2.0000000000e-02 8.8580209912e+01
2.4000000000e+01 3.0236156376e-05 3.0236052620e-05 2.3568510931e-05 7.7981517825e-08 1.3570963541e-09 1.2203202638e-05 5.7893145108e-05 2.0000000000e-02 8.8013602007e+01
2.5000000000e+01 2.8453667159e-05 2.8453556022e-05 2.2121229131e-05 8.3675853454e-08 1.4635391472e-09 1.2825750980e-05 5.4929130091e-05 2.0000000000e-02 8.8888755212e+01
2.6000000000e+01 2.6787482858e-05 2.6787364073e-05 2.0678562247e-05 8.9571511073e-08 1.5763211342e-09 1.3449922862e-05 5.1983799141e-05 2.0000000000e-02 8.8291840563e+01
2.7000000000e+01 2.5236577549e-05 2.5236450864e-05 1.9250827080e-05 9.5657497922e-08 1.6951727777e-09 1.4076066960e-05 4.9422670245e-05 2.0000000000e-02 8.8673557835e+01
2.8000000000e+01 2.3811066529e-05 2.3810931704e-05 1.7864126888e-05 1.0192170148e-07 1.8197979480e-09 1.4704781449e-05 4.6708690763e-05 2.0000000000e-02 8.9036538513e+01
2.9000000000e+01 2.2513575597e-05 2.2513432444e-05 1.6515998026e-05 1.0832612167e-07 1.9490728304e-09 1.5336492271e-05 4.4495121652e-05 2.0000000000e-02 8.8566846095e+01
3.0000000000e+01 2.1313306247e-05 2.1313154609e-05 1.5227278924e-05 1.1484382538e-07 2.0823011808e-09 1.5970788500e-05 4.2421565461e-05 2.0000000000e-02 8.8878246175e+01
3.1000000000e+01 2.0211845764e-05 2.0211685506e-05 1.4013663277e-05 1.2146113837e-07 2.2190433308e-09 1.6606453939e-05 4.0195885036e-05 2.0000000000e-02 8.8921239094e+01
3.2000000000e+01 1.9210164471e-05 1.9209995503e-05 1.2892093316e-05 1.2814347630e-07 2.3582550665e-09 1.7242800922e-05 3.8192700159e-05 2.0000000000e-02 8.8890123056e+01
3.3000000000e+01 1.8299917689e-05 1.8299739962e-05 1.1880835654e-05 1.3485810374e-07 2.4989659179e-09 1.7878900643e-05 3.6232322019e-05 2.0000000000e-02 8.9103517615e+01
3.4000000000e+01 1.7464116915e-05 1.7463930420e-05 1.0986321695e-05 1.4157736037e-07 2.6404958930e-09 1.8513327547e-05 3.4244164136e-05 2.0000000000e-02 8.8633370061e+01
3.5000000000e+01 1.6696502249e-05 1.6696306990e-05 1.0208886202e-05 1.4828801170e-07 2.7826850640e-09 1.9144006775e-05 3.2388434182e-05 2.0000000000e-02 8.9006398204e+01
3.6000000000e+01 1.5997448667e-05 1.5997244685e-05 9.5384329723e-06 1.5496309094e-07 2.9249388705e-09 1.9769562647e-05 3.0400332886e-05 2.0000000000e-02 8.8422235980e+01
3.7000000000e+01 1.5356771533e-05 1.5356558886e-05 8.9543134762e-06 1.6158691039e-07 3.0671752429e-09 2.0387883092e-05 2.8606118272e-05 2.0000000000e-02 8.8793548509e+01
3.8000000000e+01 1.4768706556e-05 1.4768485317e-05 8.4459081897e-06 1.6814777598e-07 3.2093819743e-09 2.0997027391e-05 2.6854481546e-05 2.0000000000e-02 8.8509084967e+01
3.9000000000e+01 1.4226438827e-05 1.4226209077e-05 8.0042213297e-06 1.7463961972e-07 3.3516126891e-09 2.1595066891e-05 2.5279762140e-05 2.0000000000e-02 8.8929200931e+01
4.0000000000e+01 1.3727076635e-05 1.3726838444e-05 7.6134960918e-06 1.8106623666e-07 3.4944111227e-09 2.2180234047e-05 2.3666209760e-05 2.0000000000e-02 8.8480043865e+01
4.1000000000e+01 1.3265857552e-05 1.3265610991e-05 7.2533189074e-06 1.8742751765e-07 3.6382228949e-09 2.2750957564e-05 2.2156014993e-05 2.0000000000e-02 8.7870961668e+01
4.2000000000e+01 1.2845516224e-05 1.2845261364e-05 6.9285643925e-06 1.9372176114e-07 3.7831652125e-09 2.3306401289e-05 2.0734269696e-05 2.0000000000e-02 8.7869979104e+01
4.3000000000e+01 1.2468785600e-05 1.2468522535e-05 6.6442931711e-06 1.9993019867e-07 3.9288319309e-09 2.3846441502e-05 1.9252004302e-05 2.0000000000e-02 8.8366048678e+01
4.4000000000e+01 1.2134875854e-05 1.2134604709e-05 6.3994949936e-06 2.0602979675e-07 4.0745186016e-09 2.4370263157e-05 1.7970223930e-05 2.0000000000e-02 8.7933083887e+01
4.5000000000e+01 1.1840777937e-05 1.1840498883e-05 6.1934632269e-06 2.1198587127e-07 4.2190488422e-09 2.4877661884e-05 1.6895276278e-05 2.0000000000e-02 8.6754247881e+01
4.6000000000e+01 1.1582446378e-05 1.1582159633e-05 6.0244816442e-06 2.1776320633e-07 4.3613993393e-09 2.5368063600e-05 1.5824410972e-05 2.0000000000e-02 8.7298755464e+01
4.7000000000e+01 1.1354988060e-05 1.1354693879e-05 5.8907637507e-06 2.2333425554e-07 4.5005072445e-09 2.5841038446e-05 1.4755967165e-05 2.0000000000e-02 8.7296122041e+01
4.8000000000e+01 1.1152774665e-05 1.1152473329e-05 5.7882992294e-06 2.2868290645e-07 4.6357941349e-09 2.6295794529e-05 1.3829345004e-05 2.0000000000e-02 8.6717171181e+01
4.9000000000e+01 1.0971559325e-05 1.0971251120e-05 5.7134697121e-06 2.3380250343e-07 4.7670990014e-09 2.6731790567e-05 1.2825307676e-05 2.0000000000e-02 8.6537924759e+01
5.0000000000e+01 1.0808727270e-05 1.0808412487e-05 5.6608689444e-06 2.3869173670e-07 4.8942355696e-09 2.7148403674e-05 1.1982236127e-05 2.0000000000e-02 8.6524413341e+01
5.1000000000e+01 1.0662843241e-05 1.0662522179e-05 5.6280262849e-06 2.4334732293e-07 5.0169508413e-09 2.7545345171e-05 1.1144638136e-05 2.0000000000e-02 8.5956785157e+01
5.2000000000e+01 1.0531601895e-05 1.0531274854e-05 5.6102146041e-06 2.4776807754e-07 5.1350207157e-09 2.7922352847e-05 1.0457898670e-05 2.0000000000e-02 8.5487594590e+01
5.3000000000e+01 1.0412060120e-05 1.0411727400e-05 5.6039760086e-06 2.5195639142e-07 5.2484221702e-09 2.8279517733e-05 9.7861948515e-06 2.0000000000e-02 8.5576928471e+01
5.4000000000e+01 1.0303678674e-05 1.0303340569e-05 5.6073174949e-06 2.5591683391e-07 5.3571967606e-09 2.8616603544e-05 9.2090504581e-06 2.0000000000e-02 8.5175438910e+01
5.5000000000e+01 1.0203770793e-05 1.0203427593e-05 5.6170957712e-06 2.5965282466e-07 5.4613684767e-09 2.8933439498e-05 8.7094158834e-06 2.0000000000e-02 8.6179566478e+01
5.6000000000e+01 1.0110392572e-05 1.0110044554e-05 5.6304499047e-06 2.6317486711e-07 5.5612438866e-09 2.9230136238e-05 8.3432600307e-06 2.0000000000e-02 8.5927067431e+01
5.7000000000e+01 1.0023467412e-05 1.0023114848e-05 5.6453312028e-06 2.6648779971e-07 5.6569079497e-09 2.9507024669e-05 7.9985394760e-06 2.0000000000e-02 8.5460833491e+01
5.8000000000e+01 9.9423398248e-06 9.9419829807e-06 5.6613939141e-06 2.6959661965e-07 5.7482817819e-09 2.9764633444e-05 7.6624695915e-06 2.0000000000e-02 8.5563662337e+01
5.9000000000e+01 9.8658301333e-06 9.8654692749e-06 5.6779898181e-06 2.7250293578e-07 5.8351499595e-09 3.0003951491e-05 7.4218636566e-06 2.0000000000e-02 8.5254012167e+01
6.0000000000e+01 9.7931648336e-06 9.7928002186e-06 5.6940221804e-06 2.7521432523e-07 5.9175106658e-09 3.0225613783e-05 7.1540779907e-06 2.0000000000e-02 8.5168245667e+01
6.1000000000e+01 9.7249190260e-06 9.7245509102e-06 5.7090108596e-06 2.7773410746e-07 5.9951479432e-09 3.0430152859e-05 6.8984605367e-06 2.0000000000e-02 8.4468549028e+01
6.2000000000e+01 9.6600037485e-06 9.6596323856e-06 5.7227086993e-06 2.8006522083e-07 6.0679187935e-09 3.0618523143e-05 6.6884153410e-06 2.0000000000e-02 8.5050549945e+01
6.3000000000e+01 9.5979677433e-06 9.5975933783e-06 5.7349988911e-06 2.8221461885e-07 6.1358584829e-09 3.0791816924e-05 6.4995999724e-06 2.0000000000e-02 8.4597173519e+01
6.4000000000e+01 9.5387568390e-06 9.5383797106e-06 5.7461591956e-06 2.8418864787e-07 6.1988714963e-09 3.0951008170e-05 6.3214388959e-06 2.0000000000e-02 8.4544034937e+01
6.5000000000e+01 9.4815569346e-06 9.4811772771e-06 5.7558701791e-06 2.8599215727e-07 6.2568213267e-09 3.1097037307e-05 6.1253182055e-06 2.0000000000e-02 8.4315171517e+01
6.6000000000e+01 9.4266426898e-06 9.4262607313e-06 5.7644695181e-06 2.8763065931e-07 6.3096664401e-09 3.1231153619e-05 5.9722325035e-06 2.0000000000e-02 8.4358566045e+01
6.7000000000e+01 9.3739067463e-06 9.3735227079e-06 5.7724030409e-06 2.8911029880e-07 6.3573849138e-09 3.1354313975e-05 5.8212102761e-06 2.0000000000e-02 8.3689708879e+01
6.8000000000e+01 9.3230026746e-06 9.3226167664e-06 5.7787618100e-06 2.9044083091e-07 6.3999971559e-09 3.1467358804e-05 5.7344543968e-06 2.0000000000e-02 8.3926879093e+01
6.9000000000e+01 9.2737154109e-06 9.2733278385e-06 5.7838586455e-06 2.9162725527e-07 6.4373896199e-09 3.1571199617e-05 5.6247237137e-06 2.0000000000e-02 8.3872781586e+01
7.0000000000e+01 9.2256908317e-06 9.2253017889e-06 5.7879578031e-06 2.9267927527e-07 6.4696597925e-09 3.1666841462e-05 5.5221250990e-06 2.0000000000e-02 8.3555035030e+01
7.1000000000e+01 9.1787541074e-06 9.1783637809e-06 5.7910661430e-06 2.9360355808e-07 6.4967768902e-09 3.1755151362e-05 5.4284472948e-06 2.0000000000e-02 8.4429026009e+01
7.2000000000e+01 9.1327178849e-06 9.1323264502e-06 5.7933662664e-06 2.9440898344e-07 6.5189009694e-09 3.1836683041e-05 5.3407614097e-06 2.0000000000e-02 8.3746653059e+01
7.3000000000e+01 9.0875246408e-06 9.0871322613e-06 5.7947236786e-06 2.9510495235e-07 6.5362655018e-09 3.1911891592e-05 5.2487173375e-06 2.0000000000e-02 8.3661120809e+01
7.4000000000e+01 9.0432199246e-06 9.0428267534e-06 5.7956045177e-06 2.9569966581e-07 6.5490238446e-09 3.1981264006e-05 5.1487717186e-06 2.0000000000e-02 8.3375075635e+01
7.5000000000e+01 8.9999448269e-06 8.9995510029e-06 5.7961205116e-06 2.9620441420e-07 6.5574335870e-09 3.2045250878e-05 5.0276265799e-06 2.0000000000e-02 8.3564132624e+01
7.6000000000e+01 8.9576881047e-06 8.9572937540e-06 5.7966915027e-06 2.9662870566e-07 6.5617467437e-09 3.2104452953e-05 4.9396973077e-06 2.0000000000e-02 8.3982207686e+01
7.7000000000e+01 8.9163018895e-06 8.9159071266e-06 5.7976404251e-06 2.9698145045e-07 6.5622163355e-09 3.2159222810e-05 4.8494737852e-06 2.0000000000e-02 8.3367619780e+01
7.8000000000e+01 8.8760535453e-06 8.8756584747e-06 5.7992051308e-06 2.9727054057e-07 6.5590066765e-09 3.2209978351e-05 4.7333282816e-06 2.0000000000e-02 8.3709161945e+01
7.9000000000e+01 8.8368491064e-06 8.8364538213e-06 5.8010201241e-06 2.9750385151e-07 6.5524059261e-09 3.2257170285e-05 4.6118818035e-06 2.0000000000e-02 8.3752315388e+01
8.0000000000e+01 8.7989362591e-06 8.7985408415e-06 5.8030688455e-06 2.9768959416e-07 6.5426938635e-09 3.2301080010e-05 4.5041121387e-06 2.0000000000e-02 8.3331614332e+01
8.1000000000e+01 8.7619752946e-06 8.7615798127e-06 5.8055117128e-06 2.9783779531e-07 6.5302232852e-09 3.2341935523e-05 4.4449910733e-06 2.0000000000e-02 8.3595449567e+01
8.2000000000e+01 8.7258041562e-06 8.7254086683e-06 5.8085496901e-06 2.9795505029e-07 6.5153035322e-09 3.2379804074e-05 4.3775587606e-06 2.0000000000e-02 8.4519394149e+01
8.3000000000e+01 8.6909944599e-06 8.6905990152e-06 5.8115469702e-06 2.9804751605e-07 6.4982337546e-09 3.2414847469e-05 4.2794964876e-06 2.0000000000e-02 8.4703128043e+01
8.4000000000e+01 8.6573866336e-06 8.6569912710e-06 5.8141127478e-06 2.9812230405e-07 6.4793229368e-09 3.2447064925e-05 4.2069972704e-06 2.0000000000e-02 8.3608822372e+01
8.5000000000e+01 8.6248000360e-06 8.6244047862e-06 5.8158355413e-06 2.9818449144e-07 6.4588629139e-09 3.2476658809e-05 4.2246372273e-06 2.0000000000e-02 8.4693280379e+01
8.6000000000e+01 8.5932661637e-06 8.5928710487e-06 5.8169586963e-06 2.9824016469e-07 6.4371084062e-09 3.2503748386e-05 4.0927675025e-06 2.0000000000e-02 8.4257956899e+01
8.7000000000e+01 8.5628852548e-06 8.5624902876e-06 5.8178590772e-06 2.9829439821e-07 6.4143870978e-09 3.2528956763e-05 3.9688069063e-06 2.0000000000e-02 8.3581377259e+01
8.8000000000e+01 8.5337530157e-06 8.5333582040e-06 5.8190855268e-06 2.9835026660e-07 6.3908507924e-09 3.2552965720e-05 3.8964695162e-06 2.0000000000e-02 8.3998645615e+01
8.9000000000e+01 8.5053713699e-06 8.5049767151e-06 5.8205225699e-06 2.9841175856e-07 6.3666730172e-09 3.2576260850e-05 3.8337255412e-06 2.0000000000e-02 8.3982904588e+01
9.0000000000e+01 8.4781223921e-06 8.4777278924e-06 5.8220301714e-06 2.9848156859e-07 6.3418844891e-09 3.2599346166e-05 3.7888193591e-06 2.0000000000e-02 8.4072346969e+01
9.1000000000e+01 8.4518917846e-06 8.4514974327e-06 5.8240602170e-06 2.9856362236e-07 6.3165576790e-09 3.2622665105e-05 3.7002534636e-06 2.0000000000e-02 8.3925741957e+01
9.2000000000e+01 8.4266763386e-06 8.4262821229e-06 5.8270650049e-06 2.9866136653e-07 6.2907503262e-09 3.2646900088e-05 3.6824101713e-06 2.0000000000e-02 8.3754681053e+01
9.3000000000e+01 8.4023519263e-06 8.4019578314e-06 5.8303551350e-06 2.9877742080e-07 6.2645247534e-09 3.2672208718e-05 3.6496976851e-06 2.0000000000e-02 8.4650776586e+01
9.4000000000e+01 8.3786691245e-06 8.3782751289e-06 5.8348256896e-06 2.9891630268e-07 6.2380689448e-09 3.2698647477e-05 3.6555608692e-06 2.0000000000e-02 8.3510176565e+01
9.5000000000e+01 8.3558368341e-06 8.3554429125e-06 5.8405017978e-06 2.9907981456e-07 6.2115092322e-09 3.2726746859e-05 3.6053127679e-06 2.0000000000e-02 8.3853144282e+01
9.6000000000e+01 8.3336596713e-06 8.3332657935e-06 5.8468937484e-06 2.9927130671e-07 6.1850176750e-09 3.2756286542e-05 3.5722022644e-06 2.0000000000e-02 8.3392080871e+01
9.7000000000e+01 8.3120789664e-06 8.3116850974e-06 5.8535582134e-06 2.9949398730e-07 6.1587713046e-09 3.2787270334e-05 3.5574125591e-06 2.0000000000e-02 8.4616360591e+01
9.8000000000e+01 8.2910949445e-06 8.2907010467e-06 5.8608458856e-06 2.9974871501e-07 6.1328783585e-09 3.2820225014e-05 3.5523302421e-06 2.0000000000e-02 8.3697128088e+01
9.9000000000e+01 8.2705683902e-06 8.2701744212e-06 5.8688410378e-06 3.0003813070e-07 6.1075619606e-09 3.2855236271e-05 3.5332645481e-06 2.0000000000e-02 8.3754371970e+01
1.0000000000e+02 8.2506469914e-06 8.2502529047e-06 5.8778005024e-06 3.0036401005e-07 6.0830314503e-09 3.2892376922e-05 3.5153466981e-06 2.0000000000e-02 8.4682325859e+01
1.0100000000e+02 8.2309071559e-06 8.2305129039e-06 5.8875871093e-06 3.0072618631e-07 6.0594083559e-09 3.2931741983e-05 3.5075730094e-06 2.0000000000e-02 8.3898947162e+01
1.0200000000e+02 8.2114455792e-06 8.2110511123e-06 5.8983198342e-06 3.0112543779e-07 6.0367979158e-09 3.2973447883e-05 3.5186393394e-06 2.0000000000e-02 8.4692286059e+01
1.0300000000e+02 8.1922653017e-06 8.1918705665e-06 5.9102325031e-06 3.0156323637e-07 6.0154332424e-09 3.3017655427e-05 3.4916118045e-06 2.0000000000e-02 8.4683260364e+01
1.0400000000e+02 8.1735645847e-06 8.1731695225e-06 5.9231446824e-06 3.0204177630e-07 5.9956258397e-09 3.3064189914e-05 3.4944580003e-06 2.0000000000e-02 8.4244070149e+01
1.0500000000e+02 8.1553215607e-06 8.1549261080e-06 5.9377402079e-06 3.0256314041e-07 5.9776194934e-09 3.3113339501e-05 3.4438950528e-06 2.0000000000e-02 8.4535410216e+01
1.0600000000e+02 8.1375528776e-06 8.1371569648e-06 5.9535907497e-06 3.0313042256e-07 5.9617422852e-09 3.3164979283e-05 3.3883904261e-06 2.0000000000e-02 8.4128744937e+01
1.0700000000e+02 8.1204069155e-06 8.1200104668e-06 5.9703283403e-06 3.0374673530e-07 5.9482917527e-09 3.3218954779e-05 3.3166422494e-06 2.0000000000e-02 8.3543587192e+01
1.0800000000e+02 8.1034851098e-06 8.1030880466e-06 5.9874734689e-06 3.0441327391e-07 5.9375008367e-09 3.3274904236e-05 3.2488336191e-06 2.0000000000e-02 8.3568946945e+01
1.0900000000e+02 8.0867823007e-06 8.0863845424e-06 6.0047858262e-06 3.0513015712e-07 5.9295641974e-09 3.3332514473e-05 3.1930854187e-06 2.0000000000e-02 8.3722817553e+01
1.1000000000e+02 8.0703631328e-06 8.0699645983e-06 6.0223707551e-06 3.0589621143e-07 5.9246642560e-09 3.3391670686e-05 3.1640117815e-06 2.0000000000e-02 8.4339109564e+01
1.1100000000e+02 8.0540655768e-06 8.0536661844e-06 6.0401767001e-06 3.0671132509e-07 5.9228728629e-09 3.3452337182e-05 3.0831404403e-06 2.0000000000e-02 8.3543054223e+01
1.1200000000e+02 8.0378880012e-06 8.0374876667e-06 6.0576281552e-06 3.0757600587e-07 5.9244412725e-09 3.3514092801e-05 3.0147448977e-06 2.0000000000e-02 8.4298524534e+01
1.1300000000e+02 8.0220852178e-06 8.0216838563e-06 6.0742185041e-06 3.0848938307e-07 5.9295508244e-09 3.3576562344e-05 2.9649335164e-06 2.0000000000e-02 8.3542744781e+01
1.1400000000e+02 8.0063285780e-06 8.0059261031e-06 6.0902821310e-06 3.0945178591e-07 5.9383535643e-09 3.3639638638e-05 2.9029309398e-06 2.0000000000e-02 8.4344985745e+01
1.1500000000e+02 7.9906264866e-06 7.9902228116e-06 6.1051661474e-06 3.1046188167e-07 5.9510073984e-09 3.3703025935e-05 2.8570616589e-06 2.0000000000e-02 8.4266704822e+01
1.1600000000e+02 7.9750823581e-06 7.9746773965e-06 6.1190990331e-06 3.1151868787e-07 5.9676386130e-09 3.3766526228e-05 2.8049207618e-06 2.0000000000e-02 8.4474370777e+01
1.1700000000e+02 7.9596733681e-06 7.9592670333e-06 6.1319594178e-06 3.1262109362e-07 5.9883866004e-09 3.3829847876e-05 2.7639353261e-06 2.0000000000e-02 8.4760053479e+01
1.1800000000e+02 7.9445586706e-06 7.9441508756e-06 6.1435082443e-06 3.1376848610e-07 6.0133715481e-09 3.3892812638e-05 2.7124353170e-06 2.0000000000e-02 8.4879778618e+01
1.1900000000e+02 7.9296073119e-06 7.9291979700e-06 6.1536907282e-06 3.1495973207e-07 6.0426964217e-09 3.3955275654e-05 2.6517116890e-06 2.0000000000e-02 8.4815800997e+01
1.2000000000e+02 7.9148016525e-06 7.9143906780e-06 6.1631877981e-06 3.1619302016e-07 6.0764071329e-09 3.4017390371e-05 2.6252835009e-06 2.0000000000e-02 8.4614388683e+01
1.2100000000e+02 7.8999975179e-06 7.8995848249e-06 6.1716424399e-06 3.1746797644e-07 6.1146104100e-09 3.4078906418e-05 2.5948215523e-06 2.0000000000e-02 8.4333284692e+01
1.2200000000e+02 7.8854316113e-06 7.8850171135e-06 6.1788817654e-06 3.1878421317e-07 6.1574069413e-09 3.4139568254e-05 2.5219521907e-06 2.0000000000e-02 8.4092241115e+01
1.2300000000e+02 7.8710080123e-06 7.8705916239e-06 6.1854746475e-06 3.2014059552e-07 6.2048068464e-09 3.4199752596e-05 2.4828073009e-06 2.0000000000e-02 8.4130830365e+01
1.2400000000e+02 7.8568089198e-06 7.8563905540e-06 6.1916040158e-06 3.2153757459e-07 6.2568759951e-09 3.4259490656e-05 2.4218814212e-06 2.0000000000e-02 8.4247769097e+01
1.2500000000e+02 7.8425921611e-06 7.8421717296e-06 6.1977035230e-06 3.2297595066e-07 6.3136643711e-09 3.4318937764e-05 2.4375385737e-06 2.0000000000e-02 8.3825613853e+01
1.2600000000e+02 7.8285579018e-06 7.8281353158e-06 6.2030825352e-06 3.2445536607e-07 6.3753213733e-09 3.4377401361e-05 2.3846960139e-06 2.0000000000e-02 8.3866862060e+01
1.2700000000e+02 7.8146479730e-06 7.8142231468e-06 6.2079841173e-06 3.2597303910e-07 6.4418190728e-09 3.4434933964e-05 2.3585814534e-06 2.0000000000e-02 8.3950585930e+01
1.2800000000e+02 7.8011162206e-06 7.8006890674e-06 6.2127296042e-06 3.2752958175e-07 6.5131960326e-09 3.4491646041e-05 2.3064148880e-06 2.0000000000e-02 8.3458135336e+01
1.2900000000e+02 7.7878538858e-06 7.7874243179e-06 6.2178038809e-06 3.2912528424e-07 6.5894818486e-09 3.4547786084e-05 2.2507440750e-06 2.0000000000e-02 8.3958129110e+01
1.3000000000e+02 7.7747998399e-06 7.7743677694e-06 6.2234838603e-06 3.3076049204e-07 6.6706652445e-09 3.4603410740e-05 2.2195603513e-06 2.0000000000e-02 8.4156493947e+01
1.3100000000e+02 7.7619267399e-06 7.7614920764e-06 6.2298087139e-06 3.3243682107e-07 6.7568123734e-09 3.4658537900e-05 2.1716042440e-06 2.0000000000e-02 8.3768668886e+01
1.3200000000e+02 7.7493706076e-06 7.7489332616e-06 6.2371087894e-06 3.3415345955e-07 6.8479252454e-09 3.4713301691e-05 2.1296475785e-06 2.0000000000e-02 8.4198817475e+01
1.3300000000e+02 7.7371709256e-06 7.7367308112e-06 6.2454106234e-06 3.3590763315e-07 6.9438939079e-09 3.4767839666e-05 2.0808533340e-06 2.0000000000e-02 8.4105875093e+01
1.3400000000e+02 7.7250454660e-06 7.7246024999e-06 6.2549737540e-06 3.3769756029e-07 7.0446652446e-09 3.4821914471e-05 2.0228056615e-06 2.0000000000e-02 8.3375945293e+01
1.3500000000e+02 7.7132459956e-06 7.7128001005e-06 6.2652655250e-06 3.3951895319e-07 7.1500798943e-09 3.4875310186e-05 1.9704051619e-06 2.0000000000e-02 8.4038120136e+01
1.3600000000e+02 7.7018294046e-06 7.7013805089e-06 6.2764371424e-06 3.4136821852e-07 7.2599507250e-09 3.4927981212e-05 1.9073605350e-06 2.0000000000e-02 8.4375517918e+01
1.3700000000e+02 7.6907842666e-06 7.6903323081e-06 6.2883615740e-06 3.4323919333e-07 7.3739633505e-09 3.4979709331e-05 1.8428164630e-06 2.0000000000e-02 8.4689799817e+01
1.3800000000e+02 7.6802055636e-06 7.6797504871e-06 6.3006962523e-06 3.4512778746e-07 7.4918518679e-09 3.5030229003e-05 1.7895558643e-06 2.0000000000e-02 8.4892516967e+01
1.3900000000e+02 7.6699931503e-06 7.6695349084e-06 6.3130176413e-06 3.4702928476e-07 7.6133298667e-09 3.5079296982e-05 1.7454324586e-06 2.0000000000e-02 8.4495989337e+01
1.4000000000e+02 7.6602992392e-06 7.6598377947e-06 6.3250047928e-06 3.4893777824e-07 7.7380000401e-09 3.5126719790e-05 1.6894269734e-06 2.0000000000e-02 8.4074595629e+01
1.4100000000e+02 7.6510900885e-06 7.6506254147e-06 6.3366948251e-06 3.5084726911e-07 7.8654129897e-09 3.5172361734e-05 1.6860209294e-06 2.0000000000e-02 8.4018647643e+01
1.4200000000e+02 7.6421857035e-06 7.6417177826e-06 6.3473286098e-06 3.5275274833e-07 7.9952207454e-09 3.5215889426e-05 1.6261908621e-06 2.0000000000e-02 8.4501372783e+01
1.4300000000e+02 7.6335788514e-06 7.6331076754e-06 6.3570188001e-06 3.5464853201e-07 8.1269990031e-09 3.5257410154e-05 1.7636838352e-06 2.0000000000e-02 8.5106273327e+01
1.4400000000e+02 7.6252410530e-06 7.6247666204e-06 6.3646508809e-06 3.5653115969e-07 8.2605141921e-09 3.5296278436e-05 1.6544386575e-06 2.0000000000e-02 8.4235121622e+01
1.4500000000e+02 7.6173061463e-06 7.6168284673e-06 6.3704878319e-06 3.5839402950e-07 8.3952122339e-09 3.5332803608e-05 1.5365954805e-06 2.0000000000e-02 8.4283855855e+01
1.4600000000e+02 7.6096928725e-06 7.6092119638e-06 6.3752503891e-06 3.6023455797e-07 8.5306776286e-09 3.5367421737e-05 1.4008850884e-06 2.0000000000e-02 8.5288801208e+01
1.4700000000e+02 7.6024433729e-06 7.6019592584e-06 6.3798627480e-06 3.6204875533e-07 8.6664944355e-09 3.5400752881e-05 1.3978639677e-06 2.0000000000e-02 8.5648556553e+01
1.4800000000e+02 7.5953765383e-06 7.5948892466e-06 6.3840191983e-06 3.6383469918e-07 8.8024323869e-09 3.5432641728e-05 1.3842092990e-06 2.0000000000e-02 8.4562275301e+01
1.4900000000e+02 7.5886274441e-06 7.5881370085e-06 6.3874692392e-06 3.6559076882e-07 8.9381836667e-09 3.5463074973e-05 1.2735559407e-06 2.0000000000e-02 8.4590104094e+01
1.5000000000e+02 7.5822199866e-06 7.5817264493e-06 6.3913517900e-06 3.6731291285e-07 9.0731718090e-09 3.5492638641e-05 1.2431861532e-06 2.0000000000e-02 8.4373466180e+01
1.5100000000e+02 7.5760459318e-06 7.5755493344e-06 6.3953049946e-06 3.6900285553e-07 9.2073247746e-09 3.5521307462e-05 1.2019484442e-06 2.0000000000e-02 8.4559088933e+01
1.5200000000e+02 7.5701452357e-06 7.5696456336e-06 6.3997169955e-06 3.7065267894e-07 9.3400255720e-09 3.5549171083e-05 1.1663081162e-06 2.0000000000e-02 8.4511253105e+01
1.5300000000e+02 7.5644618770e-06 7.5639593253e-06 6.4049128168e-06 3.7226427570e-07 9.4710832796e-09 3.5576557967e-05 1.1351212269e-06 2.0000000000e-02 8.4749186135e+01
1.5400000000e+02 7.5589617499e-06 7.5584563072e-06 6.4107573790e-06 3.7383621144e-07 9.6003051968e-09 3.5603375944e-05 1.1050178526e-06 2.0000000000e-02 8.5475772684e+01
1.5500000000e+02 7.5537361036e-06 7.5532278319e-06 6.4167977535e-06 3.7536743885e-07 9.7274906789e-09 3.5629292852e-05 1.1318978265e-06 2.0000000000e-02 8.5905885548e+01
1.5600000000e+02 7.5486552614e-06 7.5481442311e-06 6.4220044281e-06 3.7685408373e-07 9.8522399488e-09 3.5653849856e-05 1.1450931352e-06 2.0000000000e-02 8.5379018597e+01
1.5700000000e+02 7.5438469428e-06 7.5433332266e-06 6.4262034568e-06 3.7829528347e-07 9.9744013799e-09 3.5676888344e-05 1.1358725293e-06 2.0000000000e-02 8.4489368397e+01
1.5800000000e+02 7.5391562724e-06 7.5386399448e-06 6.4293278157e-06 3.7969075049e-07 1.0093837253e-08 3.5698422143e-05 1.1215969781e-06 2.0000000000e-02 8.4941311945e+01
1.5900000000e+02 7.5345957420e-06 7.5340768787e-06 6.4314025753e-06 3.8104044888e-07 1.0210433601e-08 3.5718519886e-05 1.1355195570e-06 2.0000000000e-02 8.4451442106e+01
1.6000000000e+02 7.5301743982e-06 7.5296530688e-06 6.4326508080e-06 3.8234972278e-07 1.0324232882e-08 3.5737347055e-05 1.1018434658e-06 2.0000000000e-02 8.4569912481e+01
1.6100000000e+02 7.5258945888e-06 7.5253708676e-06 6.4333469599e-06 3.8361670149e-07 1.0434933280e-08 3.5755092049e-05 1.0989379131e-06 2.0000000000e-02 8.4545990422e+01
1.6200000000e+02 7.5218380099e-06 7.5213119788e-06 6.4336421387e-06 3.8483773040e-07 1.0542165242e-08 3.5771762475e-05 1.0015155199e-06 2.0000000000e-02 8.5006196746e+01
1.6300000000e+02 7.5179060665e-06 7.5173778043e-06 6.4345429873e-06 3.8601595006e-07 1.0645825763e-08 3.5787953201e-05 9.7751069651e-07 2.0000000000e-02 8.5629173805e+01
1.6400000000e+02 7.5140709408e-06 7.5135405201e-06 6.4366480801e-06 3.8715544597e-07 1.0746119403e-08 3.5804055331e-05 9.8010503603e-07 2.0000000000e-02 8.5730298535e+01
1.6500000000e+02 7.5103540784e-06 7.5098215670e-06 6.4395341349e-06 3.8825941561e-07 1.0843207325e-08 3.5820001247e-05 9.6889289601e-07 2.0000000000e-02 8.5562723019e+01
1.6600000000e+02 7.5066282568e-06 7.5060937226e-06 6.4436141317e-06 3.8932843146e-07 1.0936967138e-08 3.5836030697e-05 9.7563988212e-07 2.0000000000e-02 8.5796547898e+01
1.6700000000e+02 7.5029211468e-06 7.5023846513e-06 6.4496150621e-06 3.9036621744e-07 1.1027675167e-08 3.5852476854e-05 9.6735627637e-07 2.0000000000e-02 8.5294535844e+01
1.6800000000e+02 7.4992232199e-06 7.4986848236e-06 6.4575660463e-06 3.9137326156e-07 1.1115378627e-08 3.5869315875e-05 9.4734632743e-07 2.0000000000e-02 8.4541385915e+01
1.6900000000e+02 7.4955673740e-06 7.4950271376e-06 6.4669826112e-06 3.9234918808e-07 1.1200079060e-08 3.5886433167e-05 9.1756389503e-07 2.0000000000e-02 8.4428691624e+01
1.7000000000e+02 7.4920540556e-06 7.4915120422e-06 6.4763187888e-06 3.9329206562e-07 1.1281800574e-08 3.5903299048e-05 9.4007147235e-07 2.0000000000e-02 8.4222531675e+01
1.7100000000e+02 7.4885892594e-06 7.4880455285e-06 6.4847968784e-06 3.9420341271e-07 1.1360798599e-08 3.5919567956e-05 1.0185402343e-06 2.0000000000e-02 8.4513199538e+01
1.7200000000e+02 7.4851800781e-06 7.4846346840e-06 6.4911934768e-06 3.9508620103e-07 1.1437291682e-08 3.5934934417e-05 1.1068311629e-06 2.0000000000e-02 8.4960655401e+01
1.7300000000e+02 7.4818343359e-06 7.4812873273e-06 6.4958363915e-06 3.9594405901e-07 1.1511536682e-08 3.5949239845e-05 1.0676594003e-06 2.0000000000e-02 8.4245261608e+01
1.7400000000e+02 7.4784734639e-06 7.4779248963e-06 6.4986127252e-06 3.9677230892e-07 1.1583268798e-08 3.5962576383e-05 1.0420174700e-06 2.0000000000e-02 8.4477778463e+01
1.7500000000e+02 7.4750938654e-06 7.4745437884e-06 6.4999715761e-06 3.9757512096e-07 1.1652661690e-08 3.5975282203e-05 1.0126152550e-06 2.0000000000e-02 8.5831360045e+01
1.7600000000e+02 7.4718025435e-06 7.4712510032e-06 6.5004799790e-06 3.9835456341e-07 1.1719811177e-08 3.5987615185e-05 9.5935533949e-07 2.0000000000e-02 8.5809855304e+01
1.7700000000e+02 7.4685053760e-06 7.4679524141e-06 6.5009518934e-06 3.9911322925e-07 1.1784869722e-08 3.5999959981e-05 1.0214430986e-06 2.0000000000e-02 8.5361074271e+01
1.7800000000e+02 7.4652776700e-06 7.4647233312e-06 6.5009194033e-06 3.9984888401e-07 1.1847795434e-08 3.6011999640e-05 9.5965266012e-07 2.0000000000e-02 8.4628077616e+01
1.7900000000e+02 7.4621564112e-06 7.4616007390e-06 6.5012675025e-06 4.0056262212e-07 1.1908538857e-08 3.6024230851e-05 9.4260041134e-07 2.0000000000e-02 8.4773663024e+01
1.8000000000e+02 7.4590548643e-06 7.4584979020e-06 6.5026239155e-06 4.0125452129e-07 1.1967088209e-08 3.6036976167e-05 9.6252320200e-07 2.0000000000e-02 8.4444361546e+01
1.8100000000e+02 7.4559816053e-06 7.4554233937e-06 6.5050395718e-06 4.0192599495e-07 1.2023533467e-08 3.6050251179e-05 9.6073218665e-07 2.0000000000e-02 8.4689341096e+01
1.8200000000e+02 7.4528934542e-06 7.4523340253e-06 6.5086342417e-06 4.0258241791e-07 1.2078223635e-08 3.6064209279e-05 9.9754550495e-07 2.0000000000e-02 8.4294032500e+01
1.8300000000e+02 7.4498345591e-06 7.4492739450e-06 6.5125675519e-06 4.0322284286e-07 1.2131289640e-08 3.6078357268e-05 9.7696495230e-07 2.0000000000e-02 8.4574358829e+01
1.8400000000e+02 7.4468002005e-06 7.4462384279e-06 6.5173097728e-06 4.0385076640e-07 1.2182892475e-08 3.6092943316e-05 9.7186927935e-07 2.0000000000e-02 8.4621899904e+01
1.8500000000e+02 7.4437591569e-06 7.4431962468e-06 6.5235686335e-06 4.0446910684e-07 1.2233264758e-08 3.6108358579e-05 9.6731181039e-07 2.0000000000e-02 8.4463464008e+01
1.8600000000e+02 7.4407260456e-06 7.4401620145e-06 6.5311074014e-06 4.0508000294e-07 1.2282661718e-08 3.6124435589e-05 9.5807044756e-07 2.0000000000e-02 8.4855456172e+01
1.8700000000e+02 7.4377123085e-06 7.4371471692e-06 6.5395249411e-06 4.0568521339e-07 1.2331301793e-08 3.6141075299e-05 9.5581371595e-07 2.0000000000e-02 8.4357454759e+01
1.8800000000e+02 7.4347120642e-06 7.4341458239e-06 6.5490074463e-06 4.0628794319e-07 1.2379403557e-08 3.6158378777e-05 9.3153077962e-07 2.0000000000e-02 8.4551832944e+01
1.8900000000e+02 7.4317848720e-06 7.4312175345e-06 6.5591219196e-06 4.0688936905e-07 1.2427209028e-08 3.6176090688e-05 9.2653330410e-07 2.0000000000e-02 8.4586145568e+01
1.9000000000e+02 7.4288756966e-06 7.4283072660e-06 6.5691277563e-06 4.0748850242e-07 1.2474824628e-08 3.6193870432e-05 9.2737694286e-07 2.0000000000e-02 8.4521217874e+01
1.9100000000e+02 7.4259848864e-06 7.4254153677e-06 6.5786572454e-06 4.0808432776e-07 1.2522283233e-08 3.6211535708e-05 9.6076853684e-07 2.0000000000e-02 8.4449016411e+01
1.9200000000e+02 7.4231265726e-06 7.4225559694e-06 6.5870862782e-06 4.0867723074e-07 1.2569722290e-08 3.6228752944e-05 9.1858865213e-07 2.0000000000e-02 8.4669220794e+01
1.9300000000e+02 7.4202068944e-06 7.4196352049e-06 6.5946510355e-06 4.0926986916e-07 1.2617394148e-08 3.6245646310e-05 8.9960710469e-07 2.0000000000e-02 8.4616599964e+01
1.9400000000e+02 7.4173792486e-06 7.4168064686e-06 6.6018042004e-06 4.0986353256e-07 1.2665410733e-08 3.6262316734e-05 8.7851649785e-07 2.0000000000e-02 8.4900230812e+01
1.9500000000e+02 7.4145727421e-06 7.4139988687e-06 6.6089088563e-06 4.1045759935e-07 1.2713679298e-08 3.6278998546e-05 8.7280493712e-07 2.0000000000e-02 8.4696999921e+01
1.9600000000e+02 7.4117862834e-06 7.4112113139e-06 6.6158089521e-06 4.1105149301e-07 1.2762233849e-08 3.6295617349e-05 8.7460576177e-07 2.0000000000e-02 8.4515131869e+01
1.9700000000e+02 7.4091482469e-06 7.4085721790e-06 6.6223602549e-06 4.1164546278e-07 1.2811028313e-08 3.6312130569e-05 8.6674270194e-07 2.0000000000e-02 8.5065684216e+01
1.9800000000e+02 7.4063808564e-06 7.4058036853e-06 6.6289381192e-06 4.1224144661e-07 1.2860096167e-08 3.6328687651e-05 8.6618674339e-07 2.0000000000e-02 8.4390051665e+01
1.9900000000e+02 7.4037408882e-06 7.4031626085e-06 6.6356651391e-06 4.1283991749e-07 1.2909436188e-08 3.6345402213e-05 8.8338970804e-07 2.0000000000e-02 8.4555995508e+01
2.0000000000e+02 7.4010779843e-06 7.4004985887e-06 6.6419267179e-06 4.1344219548e-07 1.2959143269e-08 3.6361991136e-05 8.8500793010e-07 2.0000000000e-02 8.4696020085e+01
2.0100000000e+02 7.3984345621e-06 7.3978540450e-06 6.6478747056e-06 4.1404728785e-07 1.3009141180e-08 3.6378407454e-05 8.9489453912e-07 2.0000000000e-02 8.4435855960e+01
2.0200000000e+02 7.3957988869e-06 7.3952172387e-06 6.6533694189e-06 4.1465719824e-07 1.3059646610e-08 3.6394560623e-05 9.0595590171e-07 2.0000000000e-02 8.4907843620e+01
2.0300000000e+02 7.3931952364e-06 7.3926124446e-06 6.6583601258e-06 4.1527327714e-07 1.3110818694e-08 3.6410402236e-05 8.6836119958e-07 2.0000000000e-02 8.6291492261e+01
2.0400000000e+02 7.3906312719e-06 7.3900473267e-06 6.6635773257e-06 4.1589506898e-07 1.3162376041e-08 3.6426392320e-05 8.6586282963e-07 2.0000000000e-02 8.4369929456e+01
2.0500000000e+02 7.3880920771e-06 7.3875069726e-06 6.6690826806e-06 4.1652018587e-07 1.3214185196e-08 3.6442477908e-05 8.7977439516e-07 2.0000000000e-02 8.4417002417e+01
2.0600000000e+02 7.3855974873e-06 7.3850112151e-06 6.6748006348e-06 4.1715041724e-07 1.3266315580e-08 3.6458641937e-05 8.9728569014e-07 2.0000000000e-02 8.5013438423e+01
2.0700000000e+02 7.3831438140e-06 7.3825563696e-06 6.6816575361e-06 4.1778346549e-07 1.3318554025e-08 3.6475399517e-05 9.0217361340e-07 2.0000000000e-02 8.5410093253e+01
2.0800000000e+02 7.3806933150e-06 7.3801046915e-06 6.6897280540e-06 4.1842097804e-07 1.3370976730e-08 3.6492801136e-05 9.0164815268e-07 1.0000000000e-02 8.5722671586e+01
2.0900000000e+02 7.3782491571e-06 7.3776593527e-06 6.6988190852e-06 4.1905926972e-07 1.3423446743e-08 3.6510752206e-05 8.7800790058e-07 1.0000000000e-02 8.5447221405e+01
2.1000000000e+02 7.3770383360e-06 7.3764479427e-06 6.7036957641e-06 4.1937762078e-07 1.3449575458e-08 3.6519918630e-05 8.4924933636e-07 1.0000000000e-02 8.5310549267e+01
2.1100000000e+02 7.3758537174e-06 7.3752627387e-06 6.7085932641e-06 4.1969400648e-07 1.3475554625e-08 3.6529117993e-05 8.3306154246e-07 1.0000000000e-02 8.5455665990e+01
2.1200000000e+02 7.3746829713e-06 7.3740914115e-06 6.7134688250e-06 4.2000765300e-07 1.3501391930e-08 3.6538236037e-05 8.3383314937e-07 1.0000000000e-02 8.5148224520e+01
2.1300000000e+02 7.3735242443e-06 7.3729321069e-06 6.7180624261e-06 4.2031913960e-07 1.3527110415e-08 3.6547226946e-05 8.3697045213e-07 5.0000000000e-03 8.5751001812e+01
2.1400000000e+02 7.3723918435e-06 7.3717991319e-06 6.7222909801e-06 4.2062831215e-07 1.3552727572e-08 3.6555981152e-05 8.3768290215e-07 5.0000000000e-03 8.5420684308e+01
2.1500000000e+02 7.3718253574e-06 7.3712323611e-06 6.7241848614e-06 4.2078138817e-07 1.3565473333e-08 3.6560214658e-05 8.4092579841e-07 5.0000000000e-03 8.5819996005e+01
2.1600000000e+02 7.3713891088e-06 7.3707958300e-06 6.7255302585e-06 4.2093296557e-07 1.3578154271e-08 3.6564301705e-05 8.5649247152e-07 5.0000000000e-03 8.5946877586e+01
2.1700000000e+02 7.3708167766e-06 7.3702232194e-06 6.7268362583e-06 4.2108183967e-07 1.3590712333e-08 3.6568172433e-05 8.5407779014e-07 2.5000000000e-03 8.5583865393e+01
2.1800000000e+02 7.3702463953e-06 7.3696525630e-06 6.7278130806e-06 4.2122864950e-07 1.3603184124e-08 3.6571855998e-05 8.4703314878e-07 2.5000000000e-03 8.4566995030e+01
2.1900000000e+02 7.3699613065e-06 7.3693673380e-06 6.7281629048e-06 4.2130113355e-07 1.3609378628e-08 3.6573619076e-05 8.3768607955e-07 2.5000000000e-03 8.5197257806e+01
