Gauge gauge_0 Location: X=4.521, Y=1.196
Time(s) dt(s) Depth(m) Elevation(m)
0.017486 0.017486 0.012800 0.000000
0.034972 0.017486 0.012800 0.000000
0.052459 0.017486 0.012800 0.000000
0.069945 0.017486 0.012800 0.000000
0.087431 0.017486 0.012800 0.000000
0.104917 0.017486 0.012800 0.000000
0.122403 0.017486 0.012800 0.000000
0.139889 0.017486 0.012800 0.000000
0.157375 0.017486 0.012800 -0.000000
0.174860 0.017485 0.012800 -0.000000
0.192345 0.017485 0.012800 -0.000000
0.209830 0.017485 0.012800 -0.000000
0.227314 0.017484 0.012800 -0.000000
0.244798 0.017484 0.012800 -0.000000
0.262282 0.017484 0.012800 -0.000000
0.279766 0.017484 0.012800 -0.000000
0.297249 0.017483 0.012800 -0.000000
0.314732 0.017483 0.012800 -0.000000
0.332215 0.017483 0.012800 -0.000000
0.349697 0.017483 0.012800 -0.000000
0.367180 0.017482 0.012800 -0.000000
0.384662 0.017482 0.012800 -0.000000
0.402144 0.017482 0.012800 -0.000000
0.419626 0.017482 0.012800 -0.000000
0.437107 0.017482 0.012800 -0.000000
0.454589 0.017482 0.012800 -0.000000
0.472071 0.017482 0.012800 -0.000000
0.489552 0.017482 0.012800 -0.000000
0.507034 0.017481 0.012800 -0.000000
0.524515 0.017481 0.012800 -0.000000
0.541996 0.017481 0.012800 -0.000000
0.559478 0.017481 0.012800 -0.000000
0.576959 0.017481 0.012800 -0.000000
0.594441 0.017481 0.012800 -0.000000
0.611922 0.017481 0.012800 -0.000000
0.629403 0.017481 0.012800 -0.000000
0.646885 0.017481 0.012800 -0.000000
0.664366 0.017481 0.012800 -0.000000
0.681848 0.017481 0.012799 -0.000000
0.699329 0.017482 0.012799 -0.000000
0.716811 0.017482 0.012799 -0.000000
0.734292 0.017482 0.012799 -0.000000
0.751774 0.017482 0.012799 -0.000001
0.769256 0.017482 0.012799 -0.000001
0.786738 0.017482 0.012799 -0.000001
0.804220 0.017482 0.012799 -0.000001
0.821702 0.017482 0.012798 -0.000001
0.839184 0.017482 0.012798 -0.000002
0.856666 0.017482 0.012798 -0.000002
0.874148 0.017482 0.012797 -0.000002
0.891630 0.017482 0.012797 -0.000003
0.909113 0.017482 0.012796 -0.000003
0.926595 0.017482 0.012796 -0.000004
0.944077 0.017482 0.012795 -0.000005
0.961560 0.017483 0.012794 -0.000006
0.979043 0.017483 0.012793 -0.000007
0.996525 0.017483 0.012791 -0.000008
1.014008 0.017483 0.012790 -0.000010
1.031491 0.017483 0.012788 -0.000012
1.048973 0.017483 0.012786 -0.000013
1.066456 0.017483 0.012784 -0.000015
1.083939 0.017483 0.012782 -0.000018
1.101422 0.017483 0.012780 -0.000020
1.118905 0.017483 0.012777 -0.000022
1.136388 0.017483 0.012775 -0.000025
1.153870 0.017483 0.012772 -0.000028
1.171353 0.017483 0.012769 -0.000031
1.188836 0.017483 0.012766 -0.000034
1.206319 0.017483 0.012763 -0.000037
1.223802 0.017483 0.012760 -0.000040
1.241284 0.017483 0.012756 -0.000043
1.258767 0.017483 0.012753 -0.000046
1.276250 0.017483 0.012750 -0.000049
1.293732 0.017483 0.012747 -0.000052
1.311215 0.017483 0.012744 -0.000055
1.328697 0.017482 0.012741 -0.000058
1.346180 0.017482 0.012739 -0.000061
1.363662 0.017482 0.012736 -0.000064
1.381144 0.017482 0.012733 -0.000066
1.398627 0.017482 0.012731 -0.000069
1.416109 0.017482 0.012729 -0.000071
1.433591 0.017482 0.012726 -0.000073
1.451073 0.017482 0.012725 -0.000075
1.468555 0.017482 0.012723 -0.000077
1.486037 0.017482 0.012721 -0.000079
1.503519 0.017482 0.012720 -0.000080
1.521001 0.017482 0.012719 -0.000081
1.538482 0.017482 0.012718 -0.000082
1.555964 0.017482 0.012717 -0.000083
1.573446 0.017482 0.012716 -0.000084
1.590927 0.017482 0.012716 -0.000084
1.608409 0.017481 0.012716 -0.000084
1.625890 0.017481 0.012716 -0.000084
1.643371 0.017481 0.012716 -0.000084
1.660852 0.017481 0.012716 -0.000083
1.678333 0.017481 0.012717 -0.000083
1.695814 0.017481 0.012718 -0.000082
1.713295 0.017481 0.012719 -0.000081
1.730776 0.017481 0.012720 -0.000080
1.748257 0.017481 0.012721 -0.000078
1.765738 0.017481 0.012723 -0.000077
1.783218 0.017481 0.012724 -0.000076
1.800699 0.017480 0.012725 -0.000074
1.818179 0.017480 0.012727 -0.000073
1.835659 0.017480 0.012728 -0.000071
1.853139 0.017480 0.012730 -0.000070
1.870620 0.017480 0.012731 -0.000069
1.888100 0.017480 0.012732 -0.000067
1.905579 0.017480 0.012734 -0.000066
1.923059 0.017480 0.012735 -0.000064
1.940539 0.017480 0.012737 -0.000063
1.958019 0.017480 0.012739 -0.000061
1.975498 0.017480 0.012741 -0.000059
1.992978 0.017480 0.012743 -0.000057
2.010457 0.017480 0.012745 -0.000055
2.027937 0.017479 0.012747 -0.000053
2.045416 0.017479 0.012749 -0.000050
2.062896 0.017479 0.012752 -0.000048
2.080375 0.017479 0.012754 -0.000046
2.097855 0.017479 0.012757 -0.000043
2.115334 0.017479 0.012759 -0.000040
2.132813 0.017479 0.012762 -0.000038
2.150293 0.017479 0.012765 -0.000035
2.167772 0.017479 0.012768 -0.000032
2.185252 0.017479 0.012771 -0.000029
2.202731 0.017480 0.012774 -0.000026
2.220211 0.017480 0.012776 -0.000023
2.237691 0.017480 0.012779 -0.000021
2.255170 0.017480 0.012781 -0.000018
2.272650 0.017480 0.012783 -0.000016
2.290131 0.017480 0.012785 -0.000014
2.307611 0.017480 0.012787 -0.000013
2.325092 0.017481 0.012788 -0.000011
2.342572 0.017481 0.012790 -0.000010
2.360053 0.017481 0.012791 -0.000009
2.377535 0.017481 0.012792 -0.000007
2.395017 0.017482 0.012793 -0.000006
2.412499 0.017482 0.012794 -0.000005
2.429981 0.017482 0.012795 -0.000005
2.447464 0.017483 0.012796 -0.000004
2.464948 0.017483 0.012797 -0.000003
2.482431 0.017484 0.012797 -0.000002
2.499916 0.017484 0.012798 -0.000002
2.517401 0.017485 0.012798 -0.000001
2.534886 0.017485 0.012799 -0.000001
2.552371 0.017485 0.012800 -0.000000
2.569857 0.017485 0.012800 0.000000
2.587342 0.017485 0.012801 0.000001
2.604827 0.017485 0.012801 0.000001
2.622313 0.017485 0.012802 0.000002
2.639798 0.017485 0.012802 0.000003
2.657283 0.017485 0.012803 0.000003
2.674768 0.017485 0.012803 0.000004
2.692253 0.017485 0.012804 0.000004
2.709739 0.017485 0.012805 0.000005
2.727224 0.017485 0.012805 0.000005
2.744709 0.017485 0.012806 0.000006
2.762194 0.017485 0.012806 0.000007
2.779679 0.017485 0.012807 0.000007
2.797164 0.017485 0.012808 0.000008
2.814649 0.017485 0.012809 0.000009
2.832134 0.017485 0.012810 0.000010
2.849619 0.017485 0.012811 0.000011
2.867104 0.017485 0.012812 0.000012
2.884589 0.017485 0.012813 0.000013
2.902074 0.017485 0.012815 0.000015
2.919559 0.017485 0.012816 0.000016
2.937044 0.017485 0.012817 0.000018
2.954529 0.017485 0.012819 0.000019
2.972014 0.017485 0.012821 0.000021
2.989499 0.017485 0.012822 0.000023
3.006984 0.017485 0.012824 0.000024
3.024469 0.017485 0.012826 0.000026
3.041954 0.017485 0.012828 0.000028
3.059439 0.017485 0.012830 0.000030
3.076924 0.017485 0.012832 0.000032
3.094409 0.017485 0.012833 0.000034
3.111894 0.017485 0.012835 0.000036
3.129380 0.017485 0.012837 0.000037
3.146865 0.017485 0.012839 0.000039
3.164350 0.017485 0.012840 0.000041
3.181835 0.017485 0.012842 0.000042
3.199320 0.017485 0.012844 0.000044
3.216805 0.017485 0.012845 0.000046
3.234291 0.017485 0.012847 0.000047
3.251776 0.017485 0.012848 0.000048
3.269261 0.017485 0.012849 0.000049
3.286747 0.017485 0.012850 0.000050
3.304232 0.017485 0.012851 0.000051
3.321717 0.017485 0.012851 0.000052
3.339203 0.017485 0.012852 0.000052
3.356688 0.017485 0.012852 0.000053
3.374174 0.017485 0.012853 0.000053
3.391659 0.017485 0.012853 0.000054
3.409144 0.017485 0.012854 0.000054
3.426630 0.017485 0.012854 0.000054
3.444115 0.017485 0.012854 0.000054
3.461601 0.017485 0.012854 0.000055
3.479086 0.017485 0.012855 0.000055
3.496572 0.017485 0.012855 0.000055
3.514057 0.017485 0.012855 0.000055
3.531543 0.017485 0.012855 0.000055
3.549028 0.017485 0.012855 0.000055
3.566514 0.017485 0.012855 0.000055
3.583999 0.017485 0.012855 0.000055
3.601485 0.017485 0.012854 0.000055
3.618970 0.017486 0.012854 0.000054
3.636456 0.017486 0.012854 0.000054
3.653941 0.017486 0.012853 0.000054
3.671427 0.017486 0.012853 0.000053
3.688913 0.017486 0.012853 0.000053
3.706399 0.017486 0.012852 0.000053
3.723885 0.017486 0.012852 0.000052
3.741371 0.017486 0.012851 0.000052
3.758858 0.017487 0.012851 0.000051
3.776345 0.017487 0.012850 0.000050
3.793832 0.017487 0.012850 0.000050
3.811320 0.017487 0.012849 0.000049
3.828807 0.017488 0.012848 0.000049
3.846296 0.017488 0.012847 0.000048
3.863784 0.017488 0.012847 0.000047
3.881272 0.017488 0.012846 0.000046
3.898760 0.017488 0.012845 0.000045
3.916247 0.017487 0.012844 0.000044
3.933734 0.017487 0.012843 0.000043
3.951221 0.017487 0.012842 0.000043
3.968707 0.017486 0.012841 0.000042
3.986193 0.017486 0.012840 0.000041
4.003679 0.017486 0.012839 0.000040
4.021165 0.017486 0.012838 0.000039
4.038650 0.017485 0.012837 0.000038
4.056135 0.017485 0.012836 0.000037
4.073620 0.017485 0.012835 0.000036
4.091104 0.017485 0.012835 0.000035
4.108588 0.017484 0.012834 0.000034
4.126073 0.017484 0.012833 0.000033
4.143557 0.017484 0.012832 0.000032
4.161041 0.017484 0.012831 0.000031
4.178525 0.017484 0.012830 0.000030
4.196008 0.017484 0.012829 0.000029
4.213492 0.017484 0.012828 0.000029
4.230976 0.017484 0.012827 0.000028
4.248460 0.017484 0.012826 0.000027
4.265944 0.017484 0.012826 0.000026
4.283427 0.017484 0.012825 0.000025
4.300911 0.017484 0.012824 0.000024
4.318395 0.017484 0.012823 0.000023
4.335880 0.017484 0.012822 0.000023
4.353364 0.017484 0.012821 0.000022
4.370848 0.017484 0.012820 0.000021
4.388333 0.017485 0.012820 0.000020
4.405818 0.017485 0.012819 0.000019
4.423303 0.017485 0.012818 0.000018
4.440788 0.017485 0.012817 0.000017
4.458273 0.017485 0.012816 0.000017
4.475759 0.017486 0.012816 0.000016
4.493245 0.017486 0.012815 0.000015
4.510732 0.017486 0.012814 0.000014
4.528218 0.017487 0.012813 0.000013
4.545705 0.017487 0.012812 0.000013
4.563191 0.017487 0.012811 0.000012
4.580678 0.017486 0.012811 0.000011
4.598164 0.017486 0.012810 0.000010
4.615650 0.017486 0.012809 0.000009
4.633137 0.017486 0.012808 0.000008
4.650623 0.017486 0.012807 0.000007
4.668109 0.017486 0.012806 0.000006
4.685596 0.017486 0.012805 0.000005
4.703082 0.017487 0.012804 0.000004
4.720569 0.017487 0.012803 0.000003
4.738056 0.017487 0.012801 0.000002
4.755543 0.017487 0.012800 0.000000
4.773031 0.017487 0.012799 -0.000001
4.790518 0.017488 0.012797 -0.000002
4.808006 0.017488 0.012796 -0.000004
4.825494 0.017488 0.012794 -0.000005
4.842982 0.017488 0.012793 -0.000007
4.860471 0.017489 0.012791 -0.000009
4.877960 0.017489 0.012789 -0.000010
4.895449 0.017489 0.012788 -0.000012
4.912938 0.017490 0.012786 -0.000014
4.930428 0.017490 0.012784 -0.000016
4.947919 0.017490 0.012782 -0.000017
4.965409 0.017491 0.012781 -0.000019
4.982900 0.017491 0.012779 -0.000021
5.000392 0.017491 0.012777 -0.000023
5.017883 0.017492 0.012775 -0.000024
5.035376 0.017492 0.012774 -0.000026
5.052868 0.017492 0.012772 -0.000027
5.070360 0.017493 0.012771 -0.000029
5.087853 0.017493 0.012769 -0.000030
5.105346 0.017493 0.012768 -0.000032
5.122840 0.017493 0.012767 -0.000033
5.140333 0.017494 0.012765 -0.000034
5.157827 0.017494 0.012764 -0.000036
5.175321 0.017494 0.012763 -0.000037
5.192816 0.017494 0.012762 -0.000038
5.210310 0.017495 0.012761 -0.000039
5.227805 0.017495 0.012760 -0.000040
5.245300 0.017495 0.012759 -0.000041
5.262795 0.017495 0.012758 -0.000041
5.280290 0.017495 0.012758 -0.000042
5.297786 0.017496 0.012757 -0.000043
5.315282 0.017496 0.012756 -0.000043
5.332778 0.017496 0.012756 -0.000044
5.350274 0.017496 0.012756 -0.000044
5.367770 0.017496 0.012755 -0.000045
5.385267 0.017497 0.012755 -0.000045
5.402763 0.017497 0.012755 -0.000045
5.420260 0.017497 0.012754 -0.000045
5.437758 0.017497 0.012754 -0.000045
5.455255 0.017498 0.012754 -0.000046
5.472753 0.017498 0.012754 -0.000046
5.490251 0.017498 0.012754 -0.000046
5.507750 0.017498 0.012754 -0.000045
5.525248 0.017499 0.012755 -0.000045
5.542747 0.017499 0.012755 -0.000045
5.560247 0.017499 0.012755 -0.000044
5.577746 0.017500 0.012756 -0.000044
5.595246 0.017500 0.012757 -0.000043
5.612746 0.017500 0.012757 -0.000042
5.630246 0.017500 0.012759 -0.000041
5.647746 0.017500 0.012760 -0.000040
5.665247 0.017500 0.012761 -0.000039
5.682747 0.017500 0.012763 -0.000037
5.700247 0.017500 0.012764 -0.000036
5.717747 0.017500 0.012766 -0.000034
5.735247 0.017500 0.012767 -0.000032
5.752748 0.017500 0.012769 -0.000030
5.770248 0.017500 0.012771 -0.000029
5.787749 0.017501 0.012773 -0.000027
5.805249 0.017501 0.012775 -0.000025
5.822750 0.017501 0.012777 -0.000023
5.840251 0.017501 0.012779 -0.000021
5.857752 0.017501 0.012780 -0.000019
5.875254 0.017501 0.012782 -0.000017
5.892755 0.017502 0.012784 -0.000016
5.910257 0.017502 0.012786 -0.000014
5.927759 0.017502 0.012788 -0.000012
5.945262 0.017502 0.012789 -0.000010
5.962764 0.017503 0.012791 -0.000008
5.980267 0.017503 0.012793 -0.000007
5.997770 0.017503 0.012795 -0.000005
6.015274 0.017504 0.012796 -0.000003
6.032778 0.017504 0.012798 -0.000002
6.050282 0.017504 0.012799 -0.000000
6.067786 0.017505 0.012801 0.000001
6.085291 0.017505 0.012802 0.000003
6.102797 0.017505 0.012804 0.000004
6.120302 0.017506 0.012805 0.000006
6.137808 0.017506 0.012807 0.000007
6.155314 0.017506 0.012808 0.000008
6.172820 0.017506 0.012809 0.000010
6.190327 0.017507 0.012811 0.000011
6.207834 0.017507 0.012812 0.000012
6.225342 0.017507 0.012813 0.000014
6.242850 0.017508 0.012815 0.000015
6.260358 0.017508 0.012816 0.000016
6.277866 0.017508 0.012817 0.000017
6.295374 0.017508 0.012818 0.000018
6.312883 0.017509 0.012819 0.000019
6.330392 0.017509 0.012820 0.000021
6.347901 0.017509 0.012821 0.000022
6.365411 0.017509 0.012822 0.000023
6.382920 0.017510 0.012823 0.000024
6.400430 0.017510 0.012824 0.000025
6.417940 0.017510 0.012825 0.000026
6.435450 0.017510 0.012826 0.000027
6.452961 0.017511 0.012827 0.000028
6.470472 0.017511 0.012828 0.000029
6.487983 0.017511 0.012829 0.000030
6.505494 0.017511 0.012830 0.000031
6.523005 0.017511 0.012831 0.000032
6.540517 0.017512 0.012832 0.000033
6.558029 0.017512 0.012833 0.000034
6.575541 0.017512 0.012834 0.000035
6.593053 0.017512 0.012835 0.000036
6.610566 0.017512 0.012836 0.000037
6.628078 0.017513 0.012837 0.000037
6.645591 0.017513 0.012838 0.000038
6.663104 0.017513 0.012839 0.000039
6.680617 0.017513 0.012840 0.000040
6.698131 0.017513 0.012841 0.000041
6.715644 0.017514 0.012842 0.000042
6.733158 0.017514 0.012843 0.000043
6.750672 0.017514 0.012844 0.000044
6.768186 0.017514 0.012845 0.000045
6.785701 0.017514 0.012846 0.000046
6.803215 0.017515 0.012847 0.000047
6.820730 0.017515 0.012848 0.000048
6.838245 0.017515 0.012849 0.000049
6.855761 0.017515 0.012849 0.000050
6.873276 0.017516 0.012850 0.000051
6.890792 0.017516 0.012851 0.000051
6.908308 0.017516 0.012852 0.000052
6.925824 0.017516 0.012853 0.000053
6.943341 0.017516 0.012853 0.000054
6.960858 0.017517 0.012854 0.000054
6.978375 0.017517 0.012855 0.000055
6.995892 0.017517 0.012855 0.000055
7.013409 0.017517 0.012856 0.000056
7.030926 0.017517 0.012856 0.000057
7.048443 0.017517 0.012857 0.000057
7.065960 0.017517 0.012857 0.000058
7.083478 0.017517 0.012858 0.000058
7.100995 0.017517 0.012858 0.000059
7.118512 0.017517 0.012859 0.000059
7.136030 0.017517 0.012859 0.000059
7.153547 0.017517 0.012860 0.000060
7.171065 0.017518 0.012860 0.000060
7.188582 0.017518 0.012860 0.000061
7.206100 0.017518 0.012861 0.000061
7.223618 0.017518 0.012861 0.000061
7.241136 0.017518 0.012861 0.000062
7.258655 0.017518 0.012862 0.000062
7.276173 0.017518 0.012862 0.000062
7.293691 0.017518 0.012862 0.000062
7.311209 0.017518 0.012863 0.000063
7.328728 0.017518 0.012863 0.000063
7.346246 0.017518 0.012863 0.000063
7.363764 0.017518 0.012863 0.000064
7.381282 0.017518 0.012864 0.000064
7.398801 0.017518 0.012864 0.000064
7.416319 0.017518 0.012865 0.000065
7.433838 0.017518 0.012865 0.000065
7.451356 0.017519 0.012865 0.000066
7.468875 0.017519 0.012866 0.000066
7.486394 0.017519 0.012866 0.000066
7.503912 0.017519 0.012866 0.000067
7.521431 0.017519 0.012867 0.000067
7.538950 0.017519 0.012867 0.000068
7.556469 0.017519 0.012868 0.000068
7.573988 0.017519 0.012868 0.000069
7.591507 0.017519 0.012869 0.000069
7.609026 0.017519 0.012869 0.000069
7.626545 0.017519 0.012870 0.000070
7.644064 0.017519 0.012870 0.000070
7.661584 0.017519 0.012871 0.000071
7.679103 0.017520 0.012871 0.000072
7.696623 0.017520 0.012872 0.000072
7.714143 0.017520 0.012872 0.000073
7.731663 0.017520 0.012873 0.000073
7.749183 0.017520 0.012873 0.000074
7.766703 0.017520 0.012874 0.000074
7.784224 0.017520 0.012874 0.000075
7.801744 0.017521 0.012875 0.000075
7.819265 0.017521 0.012875 0.000075
7.836786 0.017521 0.012876 0.000076
7.854307 0.017521 0.012876 0.000076
7.871829 0.017521 0.012876 0.000077
7.889350 0.017522 0.012877 0.000077
7.906872 0.017522 0.012877 0.000077
7.924394 0.017522 0.012877 0.000077
7.941916 0.017522 0.012877 0.000078
7.959438 0.017522 0.012878 0.000078
7.976961 0.017523 0.012878 0.000078
7.994484 0.017523 0.012878 0.000078
8.012006 0.017523 0.012878 0.000078
8.029530 0.017523 0.012878 0.000078
8.047053 0.017523 0.012878 0.000078
8.064576 0.017524 0.012878 0.000078
8.082100 0.017524 0.012877 0.000078
8.099624 0.017524 0.012877 0.000077
8.117148 0.017524 0.012877 0.000077
8.134672 0.017524 0.012876 0.000076
8.152196 0.017524 0.012876 0.000076
8.169721 0.017524 0.012875 0.000075
8.187245 0.017524 0.012874 0.000075
8.204770 0.017525 0.012874 0.000074
8.222294 0.017525 0.012873 0.000073
8.239819 0.017525 0.012872 0.000072
8.257344 0.017525 0.012871 0.000072
8.274869 0.017525 0.012870 0.000071
8.292394 0.017525 0.012869 0.000070
8.309920 0.017525 0.012868 0.000069
8.327445 0.017525 0.012867 0.000068
8.344967 0.017521 0.012866 0.000066
8.362483 0.017516 0.012865 0.000065
8.379993 0.017511 0.012864 0.000064
8.397498 0.017505 0.012862 0.000063
8.414998 0.017500 0.012861 0.000061
8.432492 0.017494 0.012859 0.000060
8.449981 0.017489 0.012858 0.000058
8.467464 0.017483 0.012856 0.000056
8.484942 0.017478 0.012854 0.000054
8.502414 0.017472 0.012851 0.000052
8.519880 0.017466 0.012849 0.000049
8.537340 0.017460 0.012846 0.000046
8.554794 0.017454 0.012842 0.000042
8.572242 0.017448 0.012838 0.000039
8.589683 0.017442 0.012834 0.000034
8.607119 0.017436 0.012829 0.000029
8.624548 0.017429 0.012824 0.000024
8.641971 0.017423 0.012818 0.000018
8.659387 0.017416 0.012812 0.000012
8.676796 0.017409 0.012805 0.000006
8.694198 0.017402 0.012798 -0.000001
8.711594 0.017395 0.012791 -0.000009
8.728982 0.017388 0.012783 -0.000016
8.746362 0.017381 0.012776 -0.000024
8.763735 0.017373 0.012768 -0.000032
8.781100 0.017365 0.012759 -0.000040
8.798457 0.017357 0.012751 -0.000049
8.815806 0.017349 0.012743 -0.000057
8.833147 0.017341 0.012734 -0.000065
8.850479 0.017332 0.012726 -0.000074
8.867802 0.017323 0.012717 -0.000083
8.885116 0.017314 0.012708 -0.000091
8.902421 0.017305 0.012700 -0.000100
8.919717 0.017295 0.012691 -0.000109
8.937002 0.017286 0.012682 -0.000118
8.954278 0.017276 0.012673 -0.000127
8.971543 0.017265 0.012664 -0.000136
8.988798 0.017255 0.012655 -0.000145
9.006043 0.017244 0.012646 -0.000154
9.023276 0.017233 0.012637 -0.000163
9.040499 0.017222 0.012628 -0.000171
9.057710 0.017211 0.012619 -0.000180
9.074909 0.017199 0.012610 -0.000189
9.092097 0.017188 0.012602 -0.000198
9.109272 0.017176 0.012593 -0.000207
9.126436 0.017163 0.012585 -0.000215
9.143587 0.017151 0.012576 -0.000224
9.160725 0.017139 0.012568 -0.000232
9.177851 0.017126 0.012560 -0.000240
9.194964 0.017113 0.012551 -0.000248
9.212063 0.017100 0.012543 -0.000256
9.229150 0.017086 0.012536 -0.000264
9.246223 0.017073 0.012528 -0.000272
9.263282 0.017059 0.012520 -0.000280
9.280328 0.017046 0.012512 -0.000287
9.297360 0.017032 0.012505 -0.000295
9.314378 0.017018 0.012497 -0.000303
9.331382 0.017004 0.012489 -0.000310
9.348371 0.016990 0.012482 -0.000318
9.365347 0.016976 0.012474 -0.000326
9.382308 0.016961 0.012466 -0.000333
9.399255 0.016947 0.012458 -0.000341
9.416188 0.016933 0.012451 -0.000349
9.433106 0.016918 0.012443 -0.000357
9.450009 0.016904 0.012435 -0.000365
9.466898 0.016889 0.012427 -0.000373
9.483773 0.016875 0.012418 -0.000381
9.500633 0.016860 0.012410 -0.000390
9.517479 0.016846 0.012402 -0.000398
9.534310 0.016831 0.012393 -0.000407
9.551127 0.016817 0.012384 -0.000415
9.567929 0.016802 0.012375 -0.000424
9.584717 0.016788 0.012366 -0.000433
9.601491 0.016774 0.012357 -0.000442
9.618251 0.016760 0.012348 -0.000452
9.634997 0.016746 0.012338 -0.000461
9.651728 0.016732 0.012329 -0.000471
9.668446 0.016718 0.012319 -0.000481
9.685150 0.016704 0.012309 -0.000491
9.701840 0.016690 0.012299 -0.000501
9.718516 0.016676 0.012288 -0.000512
9.735179 0.016663 0.012277 -0.000522
9.751829 0.016650 0.012266 -0.000533
9.768465 0.016636 0.012255 -0.000545
9.785088 0.016623 0.012244 -0.000556
9.801698 0.016610 0.012232 -0.000568
9.818295 0.016597 0.012220 -0.000580
9.834879 0.016584 0.012207 -0.000593
9.851451 0.016571 0.012194 -0.000605
9.868010 0.016559 0.012181 -0.000618
9.884556 0.016546 0.012168 -0.000632
9.901090 0.016534 0.012154 -0.000646
9.917612 0.016522 0.012140 -0.000660
9.934122 0.016510 0.012126 -0.000674
9.950620 0.016498 0.012111 -0.000689
9.967106 0.016486 0.012096 -0.000704
9.983581 0.016474 0.012080 -0.000720
10.000044 0.016463 0.012064 -0.000735
10.016495 0.016451 0.012048 -0.000752
10.032935 0.016440 0.012032 -0.000768
10.049364 0.016429 0.012015 -0.000785
10.065782 0.016418 0.011997 -0.000802
10.082188 0.016407 0.011980 -0.000820
10.098584 0.016396 0.011962 -0.000838
10.114969 0.016385 0.011943 -0.000856
10.131344 0.016375 0.011925 -0.000875
10.147708 0.016364 0.011906 -0.000894
10.164062 0.016354 0.011886 -0.000913
10.180405 0.016343 0.011867 -0.000933
10.196738 0.016333 0.011847 -0.000953
10.213061 0.016323 0.011826 -0.000973
10.229374 0.016313 0.011806 -0.000994
10.245677 0.016303 0.011785 -0.001015
10.261971 0.016293 0.011763 -0.001036
10.278255 0.016284 0.011742 -0.001058
10.294529 0.016274 0.011720 -0.001080
10.310793 0.016265 0.011698 -0.001102
10.327049 0.016255 0.011676 -0.001124
10.343294 0.016246 0.011653 -0.001146
10.359531 0.016237 0.011631 -0.001169
10.375759 0.016227 0.011608 -0.001191
10.391977 0.016218 0.011585 -0.001214
10.408186 0.016209 0.011562 -0.001237
10.424387 0.016200 0.011539 -0.001260
10.440578 0.016191 0.011516 -0.001284
10.456761 0.016183 0.011493 -0.001307
10.472935 0.016174 0.011469 -0.001331
10.489100 0.016165 0.011445 -0.001354
10.505256 0.016157 0.011422 -0.001378
10.521405 0.016148 0.011398 -0.001402
10.537544 0.016140 0.011374 -0.001426
10.553675 0.016131 0.011350 -0.001450
10.569798 0.016123 0.011325 -0.001474
10.585913 0.016115 0.011301 -0.001499
10.602019 0.016106 0.011276 -0.001523
10.618117 0.016098 0.011252 -0.001548
10.634207 0.016090 0.011227 -0.001572
10.650289 0.016082 0.011203 -0.001597
10.666363 0.016074 0.011178 -0.001622
10.682429 0.016066 0.011153 -0.001647
10.698487 0.016058 0.011128 -0.001672
10.714538 0.016050 0.011103 -0.001697
10.730580 0.016043 0.011078 -0.001722
10.746616 0.016035 0.011053 -0.001747
10.762643 0.016028 0.011028 -0.001772
10.778663 0.016020 0.011003 -0.001797
10.794676 0.016013 0.010977 -0.001822
10.810682 0.016006 0.010952 -0.001847
10.826680 0.015998 0.010927 -0.001873
10.842671 0.015991 0.010902 -0.001898
10.858655 0.015984 0.010877 -0.001923
10.874632 0.015977 0.010852 -0.001948
10.890602 0.015970 0.010827 -0.001973
10.906565 0.015963 0.010802 -0.001998
10.922521 0.015956 0.010777 -0.002023
10.938470 0.015949 0.010752 -0.002048
10.954413 0.015943 0.010727 -0.002073
10.970349 0.015936 0.010702 -0.002098
10.986279 0.015930 0.010677 -0.002123
11.002202 0.015923 0.010652 -0.002147
11.018120 0.015917 0.010628 -0.002172
11.034031 0.015911 0.010603 -0.002197
11.049935 0.015905 0.010578 -0.002221
11.065834 0.015899 0.010554 -0.002246
11.081727 0.015893 0.010529 -0.002270
11.097615 0.015887 0.010505 -0.002295
11.113496 0.015882 0.010480 -0.002319
11.129372 0.015876 0.010456 -0.002344
11.145242 0.015870 0.010432 -0.002368
11.161107 0.015865 0.010408 -0.002392
11.176967 0.015859 0.010384 -0.002416
11.192821 0.015854 0.010359 -0.002440
11.208669 0.015849 0.010335 -0.002465
11.224513 0.015844 0.010311 -0.002489
11.240351 0.015839 0.010287 -0.002513
11.256185 0.015834 0.010263 -0.002537
11.272014 0.015829 0.010239 -0.002561
11.287838 0.015824 0.010214 -0.002585
11.303657 0.015819 0.010190 -0.002609
11.319472 0.015815 0.010166 -0.002634
11.335282 0.015810 0.010142 -0.002658
11.351088 0.015806 0.010118 -0.002682
11.366890 0.015802 0.010094 -0.002706
11.382687 0.015798 0.010070 -0.002730
11.398481 0.015793 0.010046 -0.002754
11.414270 0.015789 0.010022 -0.002778
11.430056 0.015786 0.009997 -0.002802
11.445837 0.015782 0.009973 -0.002826
11.461616 0.015778 0.009949 -0.002850
11.477390 0.015774 0.009925 -0.002874
11.493161 0.015771 0.009901 -0.002898
11.508929 0.015768 0.009877 -0.002922
11.524693 0.015764 0.009854 -0.002946
11.540454 0.015761 0.009830 -0.002970
11.556212 0.015758 0.009806 -0.002994
11.571967 0.015755 0.009782 -0.003018
11.587720 0.015752 0.009758 -0.003041
11.603469 0.015750 0.009735 -0.003065
11.619216 0.015747 0.009711 -0.003089
11.634960 0.015744 0.009688 -0.003112
11.650702 0.015742 0.009664 -0.003136
11.666442 0.015739 0.009640 -0.003159
11.682179 0.015737 0.009617 -0.003183
11.697913 0.015735 0.009593 -0.003206
11.713646 0.015732 0.009570 -0.003230
11.729376 0.015730 0.009546 -0.003253
11.745104 0.015728 0.009523 -0.003277
11.760830 0.015726 0.009499 -0.003301
11.776553 0.015724 0.009476 -0.003324
11.792275 0.015721 0.009452 -0.003348
11.807994 0.015719 0.009429 -0.003371
11.823711 0.015717 0.009405 -0.003395
11.839427 0.015715 0.009381 -0.003418
11.855140 0.015714 0.009358 -0.003442
11.870852 0.015712 0.009334 -0.003466
11.886562 0.015710 0.009310 -0.003490
11.902270 0.015708 0.009286 -0.003513
11.917977 0.015707 0.009262 -0.003537
11.933682 0.015705 0.009238 -0.003561
11.949386 0.015704 0.009214 -0.003585
11.965088 0.015702 0.009190 -0.003609
11.980789 0.015701 0.009166 -0.003634
11.996488 0.015700 0.009142 -0.003658
12.012186 0.015698 0.009118 -0.003682
12.027883 0.015697 0.009093 -0.003706
12.043580 0.015696 0.009069 -0.003731
12.059275 0.015695 0.009044 -0.003755
12.074969 0.015694 0.009020 -0.003780
12.090662 0.015693 0.008995 -0.003805
12.106355 0.015693 0.008970 -0.003829
12.122047 0.015692 0.008946 -0.003854
12.137738 0.015691 0.008921 -0.003879
12.153429 0.015691 0.008896 -0.003904
12.169119 0.015690 0.008871 -0.003929
12.184809 0.015690 0.008845 -0.003954
12.200499 0.015690 0.008820 -0.003980
12.216188 0.015689 0.008795 -0.004005
12.231878 0.015689 0.008769 -0.004031
12.247567 0.015689 0.008743 -0.004056
12.263256 0.015689 0.008718 -0.004082
12.278946 0.015689 0.008692 -0.004108
12.294635 0.015690 0.008666 -0.004134
12.310325 0.015690 0.008640 -0.004160
12.326016 0.015690 0.008614 -0.004186
12.341706 0.015691 0.008588 -0.004212
12.357398 0.015691 0.008562 -0.004238
12.373090 0.015692 0.008535 -0.004264
12.388783 0.015693 0.008509 -0.004291
12.404477 0.015694 0.008482 -0.004317
12.420171 0.015695 0.008456 -0.004344
12.435867 0.015696 0.008429 -0.004371
12.451564 0.015697 0.008402 -0.004397
12.467262 0.015698 0.008375 -0.004424
12.482962 0.015700 0.008349 -0.004451
12.498663 0.015701 0.008321 -0.004478
12.514366 0.015703 0.008294 -0.004505
12.530071 0.015705 0.008267 -0.004533
12.545778 0.015707 0.008240 -0.004560
12.561487 0.015709 0.008212 -0.004587
12.577197 0.015711 0.008185 -0.004615
12.592911 0.015713 0.008157 -0.004642
12.608626 0.015716 0.008129 -0.004670
12.624344 0.015718 0.008102 -0.004698
12.640065 0.015721 0.008074 -0.004726
12.655788 0.015723 0.008046 -0.004754
12.671515 0.015726 0.008017 -0.004782
12.687244 0.015729 0.007989 -0.004811
12.702976 0.015732 0.007961 -0.004839
12.718712 0.015735 0.007932 -0.004867
12.734451 0.015739 0.007904 -0.004896
12.750193 0.015742 0.007875 -0.004925
12.765939 0.015746 0.007846 -0.004953
12.781688 0.015749 0.007818 -0.004982
12.797441 0.015753 0.007789 -0.005011
12.813198 0.015757 0.007760 -0.005040
12.828959 0.015761 0.007731 -0.005069
12.844724 0.015765 0.007702 -0.005098
12.860493 0.015769 0.007673 -0.005127
12.876267 0.015774 0.007643 -0.005156
12.892045 0.015778 0.007614 -0.005186
12.907828 0.015783 0.007585 -0.005215
12.923615 0.015787 0.007556 -0.005244
12.939407 0.015792 0.007526 -0.005274
12.955203 0.015797 0.007497 -0.005303
12.971005 0.015802 0.007467 -0.005333
12.986812 0.015807 0.007437 -0.005362
13.002623 0.015812 0.007408 -0.005392
13.018440 0.015817 0.007378 -0.005422
13.034263 0.015822 0.007348 -0.005451
13.050090 0.015828 0.007319 -0.005481
13.065923 0.015833 0.007289 -0.005511
13.081762 0.015839 0.007259 -0.005541
13.097607 0.015844 0.007229 -0.005571
13.113457 0.015850 0.007199 -0.005601
13.129313 0.015856 0.007169 -0.005631
13.145174 0.015862 0.007139 -0.005661
13.161042 0.015868 0.007108 -0.005691
13.176916 0.015874 0.007078 -0.005722
13.192796 0.015880 0.007048 -0.005752
13.208682 0.015886 0.007017 -0.005782
13.224575 0.015892 0.006987 -0.005813
13.240473 0.015898 0.006956 -0.005843
13.256378 0.015905 0.006926 -0.005874
13.272289 0.015911 0.006895 -0.005904
13.288206 0.015917 0.006865 -0.005935
13.304129 0.015923 0.006834 -0.005965
13.320059 0.015930 0.006804 -0.005996
13.335995 0.015936 0.006773 -0.006027
13.351937 0.015942 0.006743 -0.006057
13.367886 0.015949 0.006712 -0.006088
13.383842 0.015955 0.006681 -0.006118
13.399804 0.015962 0.006651 -0.006149
13.415772 0.015969 0.006620 -0.006179
13.431748 0.015975 0.006590 -0.006210
13.447730 0.015982 0.006559 -0.006241
13.463719 0.015989 0.006528 -0.006271
13.479714 0.015996 0.006498 -0.006302
13.495716 0.016002 0.006467 -0.006333
13.511726 0.016009 0.006436 -0.006363
13.527742 0.016016 0.006405 -0.006394
13.543765 0.016023 0.006374 -0.006425
13.559795 0.016030 0.006343 -0.006456
13.575832 0.016037 0.006312 -0.006488
13.591876 0.016044 0.006281 -0.006519
13.607927 0.016051 0.006250 -0.006550
13.623985 0.016058 0.006218 -0.006581
13.640050 0.016065 0.006187 -0.006613
13.656123 0.016072 0.006155 -0.006645
13.672202 0.016080 0.006123 -0.006676
13.688289 0.016087 0.006092 -0.006708
13.704383 0.016094 0.006060 -0.006740
13.720484 0.016101 0.006028 -0.006772
13.736593 0.016109 0.005996 -0.006804
13.752709 0.016116 0.005964 -0.006836
13.768832 0.016123 0.005932 -0.006868
13.784962 0.016131 0.005899 -0.006900
13.801100 0.016138 0.005867 -0.006933
13.817246 0.016145 0.005835 -0.006965
13.833398 0.016153 0.005802 -0.006997
13.849559 0.016160 0.005770 -0.007030
13.865727 0.016168 0.005737 -0.007063
13.881902 0.016175 0.005704 -0.007095
13.898085 0.016183 0.005671 -0.007128
13.914276 0.016191 0.005638 -0.007162
13.930474 0.016198 0.005605 -0.007195
13.946681 0.016206 0.005571 -0.007228
13.962895 0.016214 0.005538 -0.007262
13.979117 0.016222 0.005504 -0.007296
13.995346 0.016230 0.005470 -0.007329
14.011584 0.016238 0.005436 -0.007363
14.027830 0.016246 0.005402 -0.007397
14.044084 0.016254 0.005368 -0.007432
14.060346 0.016262 0.005334 -0.007466
14.076616 0.016270 0.005299 -0.007500
14.092895 0.016278 0.005265 -0.007535
14.109182 0.016287 0.005230 -0.007569
14.125477 0.016295 0.005196 -0.007603
14.141780 0.016304 0.005162 -0.007638
14.158093 0.016312 0.005128 -0.007671
14.174413 0.016321 0.005095 -0.007705
14.190743 0.016330 0.005061 -0.007738
14.207081 0.016338 0.005028 -0.007771
14.223428 0.016347 0.004996 -0.007804
14.239784 0.016356 0.004963 -0.007836
14.256149 0.016365 0.004932 -0.007868
14.272523 0.016374 0.004900 -0.007899
14.288907 0.016383 0.004870 -0.007930
14.305299 0.016392 0.004841 -0.007959
14.321701 0.016402 0.004812 -0.007987
14.338112 0.016411 0.004786 -0.008014
14.354532 0.016421 0.004760 -0.008039
14.370963 0.016430 0.004738 -0.008062
14.387402 0.016440 0.004718 -0.008081
14.403852 0.016450 0.004706 -0.008093
14.420312 0.016459 0.004705 -0.008094
14.436781 0.016469 0.004718 -0.008082
14.453260 0.016480 0.004755 -0.008045
14.469750 0.016490 0.004826 -0.007974
14.486250 0.016500 0.004947 -0.007852
14.502760 0.016510 0.005133 -0.007666
14.519281 0.016521 0.005394 -0.007406
14.535812 0.016531 0.005754 -0.007046
14.552354 0.016542 0.006213 -0.006587
14.568907 0.016553 0.006775 -0.006025
14.585471 0.016564 0.007450 -0.005350
14.602045 0.016574 0.008234 -0.004566
14.618631 0.016585 0.009102 -0.003697
14.635227 0.016597 0.010039 -0.002760
14.651835 0.016608 0.011022 -0.001778
14.668454 0.016619 0.012001 -0.000798
14.685084 0.016630 0.012948 0.000148
14.701726 0.016642 0.013846 0.001047
14.718379 0.016653 0.014685 0.001886
14.735044 0.016665 0.015462 0.002662
14.751720 0.016676 0.016167 0.003368
14.768408 0.016688 0.016801 0.004001
14.785107 0.016699 0.017360 0.004561
14.801818 0.016711 0.017853 0.005054
14.818541 0.016723 0.018284 0.005484
14.835276 0.016735 0.018664 0.005864
14.852022 0.016747 0.019005 0.006206
14.868781 0.016758 0.019314 0.006514
14.885551 0.016770 0.019594 0.006794
14.902333 0.016782 0.019850 0.007051
14.919127 0.016794 0.020090 0.007290
14.935934 0.016806 0.020313 0.007513
14.952752 0.016818 0.020521 0.007722
14.969582 0.016830 0.020716 0.007917
14.986424 0.016842 0.020886 0.008086
15.003279 0.016855 0.021042 0.008242
15.020146 0.016867 0.021190 0.008391
15.037024 0.016879 0.021332 0.008532
15.053915 0.016891 0.021467 0.008668
15.070819 0.016903 0.021598 0.008799
15.087734 0.016916 0.021725 0.008926
15.104662 0.016928 0.021850 0.009050
15.121603 0.016940 0.021972 0.009173
15.138556 0.016953 0.022094 0.009294
15.155521 0.016965 0.022215 0.009415
15.172498 0.016978 0.022336 0.009536
15.189488 0.016990 0.022457 0.009657
15.206491 0.017003 0.022578 0.009779
15.223506 0.017015 0.022700 0.009901
15.240534 0.017028 0.022824 0.010024
15.257574 0.017040 0.022949 0.010149
15.274627 0.017053 0.023075 0.010276
15.291693 0.017066 0.023204 0.010404
15.308771 0.017078 0.023334 0.010534
15.325863 0.017091 0.023465 0.010666
15.342967 0.017104 0.023598 0.010798
15.360083 0.017117 0.023731 0.010932
15.377213 0.017130 0.023866 0.011066
15.394355 0.017142 0.024000 0.011200
15.411502 0.017146 0.024134 0.011335
15.428646 0.017145 0.024268 0.011469
15.445789 0.017143 0.024402 0.011602
15.462930 0.017141 0.024534 0.011734
15.480070 0.017140 0.024665 0.011865
15.497208 0.017138 0.024795 0.011995
15.514344 0.017136 0.024923 0.012123
15.531478 0.017134 0.025049 0.012250
15.548611 0.017133 0.025174 0.012374
15.565742 0.017131 0.025297 0.012497
15.582871 0.017129 0.025419 0.012619
15.599999 0.017128 0.025539 0.012740
15.617124 0.017126 0.025658 0.012858
15.634249 0.017124 0.025775 0.012975
15.651371 0.017122 0.025890 0.013090
15.668492 0.017121 0.026002 0.013202
15.685611 0.017119 0.026112 0.013312
15.702728 0.017117 0.026220 0.013420
15.719843 0.017116 0.026325 0.013526
15.736957 0.017114 0.026427 0.013627
15.754069 0.017112 0.026525 0.013725
15.771179 0.017110 0.026619 0.013820
15.788288 0.017109 0.026711 0.013911
15.805395 0.017107 0.026799 0.013999
15.822500 0.017105 0.026884 0.014085
15.839604 0.017104 0.026967 0.014167
15.856706 0.017102 0.027047 0.014247
15.873806 0.017100 0.027125 0.014325
15.890904 0.017098 0.027200 0.014400
15.908000 0.017096 0.027272 0.014472
15.925094 0.017094 0.027343 0.014543
15.942187 0.017092 0.027411 0.014611
15.959277 0.017090 0.027477 0.014678
15.976365 0.017088 0.027541 0.014742
15.993452 0.017086 0.027603 0.014804
16.010536 0.017084 0.027664 0.014864
16.027618 0.017082 0.027722 0.014922
16.044698 0.017080 0.027778 0.014978
16.061776 0.017078 0.027832 0.015033
16.078851 0.017076 0.027885 0.015086
16.095925 0.017074 0.027937 0.015137
16.112997 0.017072 0.027987 0.015187
16.130066 0.017070 0.028035 0.015235
16.147134 0.017068 0.028082 0.015283
16.164199 0.017066 0.028128 0.015329
16.181263 0.017064 0.028173 0.015374
16.198324 0.017062 0.028217 0.015417
16.215384 0.017060 0.028260 0.015460
16.232442 0.017058 0.028302 0.015502
16.249498 0.017056 0.028343 0.015543
16.266553 0.017054 0.028383 0.015583
16.283606 0.017053 0.028422 0.015623
16.300657 0.017051 0.028461 0.015661
16.317706 0.017050 0.028498 0.015698
16.334754 0.017048 0.028534 0.015735
16.351801 0.017046 0.028569 0.015770
16.368846 0.017045 0.028603 0.015803
16.385889 0.017043 0.028636 0.015836
16.402931 0.017042 0.028667 0.015867
16.419972 0.017041 0.028696 0.015897
16.437011 0.017039 0.028724 0.015925
16.454049 0.017038 0.028751 0.015952
16.471086 0.017037 0.028777 0.015977
16.488121 0.017035 0.028801 0.016001
16.505155 0.017034 0.028823 0.016024
16.522187 0.017032 0.028845 0.016045
16.539217 0.017030 0.028865 0.016066
16.556245 0.017028 0.028884 0.016084
16.573271 0.017026 0.028901 0.016101
16.590295 0.017024 0.028917 0.016117
16.607317 0.017022 0.028931 0.016131
16.624336 0.017020 0.028944 0.016144
16.641354 0.017018 0.028955 0.016155
16.658369 0.017015 0.028965 0.016165
16.675383 0.017013 0.028973 0.016173
16.692394 0.017012 0.028979 0.016179
16.709404 0.017010 0.028984 0.016184
16.726412 0.017008 0.028986 0.016187
16.743418 0.017006 0.028987 0.016188
16.760422 0.017004 0.028986 0.016187
16.777424 0.017002 0.028984 0.016184
16.794425 0.017001 0.028979 0.016180
16.811424 0.016999 0.028973 0.016174
16.828422 0.016998 0.028966 0.016166
16.845418 0.016996 0.028956 0.016156
16.862413 0.016995 0.028944 0.016145
16.879407 0.016994 0.028930 0.016131
16.896399 0.016992 0.028914 0.016115
16.913390 0.016991 0.028896 0.016096
16.930381 0.016990 0.028875 0.016075
16.947370 0.016989 0.028851 0.016052
16.964358 0.016988 0.028825 0.016026
16.981345 0.016987 0.028797 0.015997
16.998332 0.016986 0.028765 0.015966
17.015317 0.016986 0.028732 0.015932
17.032301 0.016984 0.028695 0.015896
17.049283 0.016982 0.028658 0.015859
17.066263 0.016980 0.028619 0.015819
17.083241 0.016978 0.028576 0.015776
17.100218 0.016976 0.028527 0.015728
17.117192 0.016975 0.028479 0.015679
17.134165 0.016973 0.028431 0.015632
17.151137 0.016971 0.028383 0.015583
17.168107 0.016970 0.028332 0.015533
17.185075 0.016969 0.028281 0.015481
17.202043 0.016967 0.028231 0.015431
17.219009 0.016966 0.028183 0.015383
17.235974 0.016965 0.028142 0.015342
17.252938 0.016964 0.028114 0.015315
17.269901 0.016963 0.028098 0.015298
17.286864 0.016962 0.028089 0.015290
17.303826 0.016962 0.028090 0.015290
17.320787 0.016961 0.028122 0.015323
17.337748 0.016961 0.028194 0.015394
17.354708 0.016961 0.028309 0.015509
17.371669 0.016960 0.028424 0.015625
17.388629 0.016960 0.028543 0.015743
17.405589 0.016960 0.028671 0.015872
17.422549 0.016960 0.028810 0.016011
17.439510 0.016960 0.028968 0.016169
17.456471 0.016961 0.029171 0.016371
17.473432 0.016961 0.029432 0.016632
17.490393 0.016962 0.029751 0.016952
17.507356 0.016962 0.030179 0.017380
17.524319 0.016963 0.030808 0.018008
17.541283 0.016964 0.031616 0.018816
17.558248 0.016965 0.032582 0.019783
17.575213 0.016966 0.033679 0.020879
17.592180 0.016967 0.034895 0.022096
17.609148 0.016968 0.036137 0.023338
17.626117 0.016969 0.037351 0.024551
17.643088 0.016970 0.038500 0.025701
17.660059 0.016972 0.039536 0.026737
17.677032 0.016973 0.040488 0.027688
17.694007 0.016974 0.041318 0.028518
17.710983 0.016976 0.042034 0.029235
17.727960 0.016977 0.042630 0.029831
17.744939 0.016979 0.043098 0.030299
17.761919 0.016980 0.043455 0.030655
17.778901 0.016982 0.043737 0.030937
17.795884 0.016983 0.043937 0.031137
17.812869 0.016985 0.044084 0.031284
17.829855 0.016986 0.044185 0.031385
17.846842 0.016988 0.044248 0.031448
17.863831 0.016989 0.044276 0.031476
17.880822 0.016990 0.044264 0.031465
17.897814 0.016992 0.044197 0.031397
17.914807 0.016993 0.044058 0.031259
17.931802 0.016995 0.043883 0.031084
17.948799 0.016997 0.043729 0.030930
17.965797 0.016998 0.043629 0.030829
17.982797 0.017000 0.043583 0.030783
17.999799 0.017002 0.043556 0.030756
18.016802 0.017003 0.043544 0.030744
18.033807 0.017005 0.043562 0.030762
18.050814 0.017007 0.043598 0.030798
18.067821 0.017007 0.043664 0.030864
18.084828 0.017008 0.043761 0.030962
18.101836 0.017008 0.043922 0.031122
18.118845 0.017009 0.044135 0.031335
18.135854 0.017009 0.044395 0.031595
18.152864 0.017010 0.044702 0.031903
18.169875 0.017011 0.045062 0.032262
18.186887 0.017012 0.045455 0.032655
18.203899 0.017013 0.045848 0.033048
18.220913 0.017014 0.046227 0.033428
18.237928 0.017015 0.046572 0.033773
18.254944 0.017016 0.046883 0.034083
18.271961 0.017017 0.047160 0.034361
18.288979 0.017018 0.047397 0.034598
18.305999 0.017020 0.047599 0.034800
18.323021 0.017021 0.047767 0.034967
18.340044 0.017023 0.047900 0.035100
18.357068 0.017025 0.048003 0.035203
18.374095 0.017026 0.048078 0.035279
18.391123 0.017028 0.048127 0.035327
18.408153 0.017030 0.048160 0.035360
18.425186 0.017032 0.048189 0.035390
18.442220 0.017034 0.048225 0.035426
18.459256 0.017036 0.048264 0.035464
18.476295 0.017039 0.048303 0.035504
18.493336 0.017041 0.048342 0.035542
18.510379 0.017043 0.048374 0.035574
18.527424 0.017045 0.048400 0.035600
18.544472 0.017048 0.048420 0.035620
18.561523 0.017050 0.048434 0.035634
18.578575 0.017053 0.048441 0.035642
18.595631 0.017055 0.048440 0.035640
18.612689 0.017058 0.048429 0.035630
18.629749 0.017060 0.048401 0.035602
18.646812 0.017063 0.048359 0.035560
18.663878 0.017066 0.048306 0.035506
18.680947 0.017068 0.048243 0.035444
18.698018 0.017071 0.048175 0.035375
18.715092 0.017074 0.048101 0.035301
18.732168 0.017077 0.048023 0.035223
18.749248 0.017080 0.047940 0.035140
18.766331 0.017082 0.047852 0.035052
18.783416 0.017085 0.047759 0.034959
18.800504 0.017088 0.047660 0.034861
18.817596 0.017091 0.047557 0.034757
18.834690 0.017094 0.047448 0.034649
18.851788 0.017097 0.047336 0.034536
18.868888 0.017100 0.047220 0.034420
18.885992 0.017103 0.047100 0.034300
18.903098 0.017106 0.046977 0.034177
18.920208 0.017110 0.046850 0.034050
18.937320 0.017113 0.046719 0.033920
18.954436 0.017116 0.046585 0.033785
18.971555 0.017119 0.046446 0.033646
18.988677 0.017122 0.046303 0.033504
19.005803 0.017125 0.046157 0.033358
19.022931 0.017129 0.046008 0.033208
19.040063 0.017132 0.045856 0.033056
19.057198 0.017135 0.045702 0.032902
19.074337 0.017138 0.045546 0.032746
19.091478 0.017142 0.045388 0.032589
19.108623 0.017145 0.045228 0.032428
19.125771 0.017148 0.045064 0.032265
19.142923 0.017152 0.044898 0.032098
19.160078 0.017155 0.044729 0.031929
19.177236 0.017158 0.044557 0.031758
19.194397 0.017161 0.044383 0.031583
19.211562 0.017165 0.044206 0.031406
19.228730 0.017168 0.044026 0.031226
19.245902 0.017172 0.043844 0.031044
19.263077 0.017175 0.043659 0.030859
19.280255 0.017178 0.043472 0.030672
19.297435 0.017181 0.043283 0.030483
19.314619 0.017183 0.043093 0.030293
19.331805 0.017186 0.042901 0.030101
19.348994 0.017189 0.042708 0.029909
19.366186 0.017192 0.042515 0.029715
19.383380 0.017195 0.042321 0.029522
19.400578 0.017198 0.042127 0.029327
19.417779 0.017201 0.041933 0.029133
19.434982 0.017204 0.041737 0.028938
19.452189 0.017207 0.041542 0.028742
19.469399 0.017210 0.041346 0.028546
19.486611 0.017213 0.041149 0.028349
19.503827 0.017216 0.040953 0.028153
19.521047 0.017219 0.040757 0.027957
19.538269 0.017222 0.040561 0.027762
19.555495 0.017226 0.040368 0.027568
19.572724 0.017229 0.040175 0.027375
19.589956 0.017232 0.039983 0.027184
19.607192 0.017236 0.039794 0.026994
19.624432 0.017239 0.039606 0.026806
19.641675 0.017243 0.039421 0.026621
19.658921 0.017247 0.039240 0.026441
19.676171 0.017250 0.039067 0.026267
19.693425 0.017254 0.038903 0.026103
19.710683 0.017258 0.038749 0.025949
19.727944 0.017262 0.038608 0.025808
19.745210 0.017266 0.038479 0.025679
19.762479 0.017269 0.038366 0.025566
19.779752 0.017273 0.038273 0.025473
19.797029 0.017277 0.038199 0.025400
19.814310 0.017281 0.038146 0.025346
19.831594 0.017285 0.038111 0.025311
19.848883 0.017289 0.038091 0.025291
19.866175 0.017293 0.038083 0.025283
19.883472 0.017297 0.038087 0.025287
19.900773 0.017301 0.038100 0.025301
19.918078 0.017305 0.038123 0.025323
19.935387 0.017309 0.038151 0.025351
19.952700 0.017313 0.038182 0.025382
19.970018 0.017317 0.038213 0.025413
19.987339 0.017322 0.038242 0.025442
20.004665 0.017326 0.038263 0.025464
20.021995 0.017330 0.038277 0.025477
20.039330 0.017334 0.038276 0.025477
20.056653 0.017323 0.038264 0.025464
20.073959 0.017306 0.038239 0.025439
20.091260 0.017301 0.038203 0.025403
20.108549 0.017290 0.038157 0.025357
20.125816 0.017267 0.038101 0.025301
20.143061 0.017245 0.038036 0.025237
20.160291 0.017230 0.037965 0.025166
20.177509 0.017218 0.037888 0.025088
20.194712 0.017203 0.037804 0.025004
20.211888 0.017176 0.037713 0.024914
20.229038 0.017151 0.037617 0.024817
20.246172 0.017134 0.037514 0.024714
20.263297 0.017125 0.037405 0.024606
20.280393 0.017095 0.037291 0.024492
20.297456 0.017064 0.037172 0.024372
20.314499 0.017042 0.037048 0.024248
20.331528 0.017029 0.036920 0.024120
20.348534 0.017006 0.036790 0.023990
20.365506 0.016972 0.036657 0.023857
20.382453 0.016947 0.036523 0.023723
20.399384 0.016931 0.036388 0.023588
20.416295 0.016911 0.036253 0.023453
20.433173 0.016878 0.036118 0.023319
20.450025 0.016852 0.035985 0.023185
20.466861 0.016836 0.035853 0.023053
20.483683 0.016822 0.035722 0.022922
20.500479 0.016796 0.035593 0.022794
20.517256 0.016777 0.035466 0.022667
20.534017 0.016762 0.035342 0.022542
20.550769 0.016752 0.035220 0.022420
20.567497 0.016728 0.035100 0.022300
20.584206 0.016708 0.034983 0.022184
20.600900 0.016694 0.034869 0.022069
20.617589 0.016689 0.034756 0.021956
20.634258 0.016669 0.034645 0.021845
20.650906 0.016649 0.034535 0.021735
20.667542 0.016635 0.034427 0.021627
20.684178 0.016636 0.034320 0.021520
20.700796 0.016618 0.034213 0.021414
20.717394 0.016598 0.034107 0.021308
20.733980 0.016586 0.034002 0.021202
20.750569 0.016589 0.033897 0.021097
20.767142 0.016573 0.033792 0.020992
20.783697 0.016554 0.033688 0.020888
20.800241 0.016545 0.033584 0.020784
20.816787 0.016546 0.033481 0.020681
20.833319 0.016532 0.033379 0.020579
20.849834 0.016514 0.033278 0.020479
20.866339 0.016506 0.033178 0.020379
20.882846 0.016507 0.033079 0.020279
20.899339 0.016493 0.032981 0.020181
20.915815 0.016476 0.032883 0.020083
20.932283 0.016468 0.032786 0.019986
20.948749 0.016466 0.032690 0.019890
20.965203 0.016455 0.032595 0.019795
20.981645 0.016441 0.032500 0.019700
20.998079 0.016434 0.032405 0.019605
21.014506 0.016428 0.032310 0.019511
21.030912 0.016405 0.032216 0.019417
21.047297 0.016386 0.032123 0.019324
21.063682 0.016385 0.032031 0.019231
21.080088 0.016406 0.031940 0.019140
21.096485 0.016397 0.031849 0.019049
21.112869 0.016384 0.031759 0.018959
21.129246 0.016377 0.031670 0.018870
21.145615 0.016369 0.031582 0.018782
21.161989 0.016373 0.031494 0.018694
21.178336 0.016347 0.031407 0.018608
21.194663 0.016327 0.031321 0.018521
21.210964 0.016300 0.031235 0.018435
21.227240 0.016277 0.031149 0.018349
21.243515 0.016274 0.031064 0.018264
21.259774 0.016260 0.030979 0.018179
21.276030 0.016256 0.030894 0.018094
21.292293 0.016263 0.030809 0.018010
21.308536 0.016243 0.030725 0.017925
21.324769 0.016233 0.030642 0.017842
21.340989 0.016219 0.030559 0.017759
21.357177 0.016188 0.030476 0.017676
21.373357 0.016180 0.030393 0.017593
21.389543 0.016186 0.030310 0.017511
21.405722 0.016180 0.030228 0.017428
21.421865 0.016143 0.030146 0.017346
21.437991 0.016126 0.030065 0.017265
21.454126 0.016135 0.029984 0.017184
21.470249 0.016123 0.029904 0.017104
21.486336 0.016086 0.029824 0.017024
21.502410 0.016074 0.029744 0.016944
21.518488 0.016079 0.029664 0.016864
21.534558 0.016070 0.029583 0.016783
21.550587 0.016029 0.029502 0.016702
21.566604 0.016017 0.029420 0.016621
21.582626 0.016022 0.029337 0.016537
21.598636 0.016009 0.029253 0.016453
21.614606 0.015970 0.029167 0.016367
21.630561 0.015956 0.029079 0.016279
21.646515 0.015953 0.028988 0.016188
21.662445 0.015931 0.028895 0.016096
21.678333 0.015888 0.028800 0.016001
21.694212 0.015878 0.028702 0.015903
21.710086 0.015875 0.028601 0.015802
21.725936 0.015850 0.028498 0.015698
21.741745 0.015809 0.028391 0.015591
21.757551 0.015806 0.028281 0.015481
21.773352 0.015802 0.028168 0.015368
21.789127 0.015775 0.028052 0.015252
21.804865 0.015738 0.027933 0.015134
21.820604 0.015738 0.027812 0.015013
21.836339 0.015735 0.027689 0.014890
21.852045 0.015706 0.027564 0.014764
21.867727 0.015682 0.027438 0.014638
21.883407 0.015680 0.027309 0.014510
21.899085 0.015678 0.027179 0.014380
21.914732 0.015648 0.027049 0.014249
21.930367 0.015635 0.026917 0.014117
21.946003 0.015636 0.026784 0.013985
21.961639 0.015636 0.026651 0.013851
21.977254 0.015615 0.026517 0.013717
21.992859 0.015605 0.026382 0.013583
22.008467 0.015608 0.026247 0.013447
22.024078 0.015611 0.026112 0.013312
22.039677 0.015598 0.025976 0.013176
22.055272 0.015595 0.025840 0.013040
22.070868 0.015596 0.025703 0.012904
22.086477 0.015609 0.025567 0.012767
22.102071 0.015594 0.025430 0.012631
22.117671 0.015599 0.025294 0.012494
22.133272 0.015601 0.025157 0.012358
22.148883 0.015611 0.025021 0.012221
22.164485 0.015602 0.024885 0.012085
22.180094 0.015609 0.024749 0.011949
22.195712 0.015618 0.024613 0.011813
22.211331 0.015619 0.024477 0.011678
22.226942 0.015611 0.024342 0.011543
22.242565 0.015623 0.024208 0.011408
22.258197 0.015632 0.024073 0.011274
22.273816 0.015619 0.023940 0.011140
22.289431 0.015616 0.023807 0.011007
22.305029 0.015597 0.023675 0.010875
22.320602 0.015573 0.023544 0.010744
22.336120 0.015518 0.023414 0.010614
22.351607 0.015487 0.023284 0.010485
22.367080 0.015473 0.023156 0.010356
22.382541 0.015461 0.023028 0.010229
22.397959 0.015419 0.022902 0.010102
22.413359 0.015400 0.022776 0.009976
22.428749 0.015389 0.022651 0.009851
22.444134 0.015385 0.022527 0.009727
22.459491 0.015357 0.022404 0.009604
22.474847 0.015356 0.022281 0.009481
22.490217 0.015370 0.022159 0.009359
22.505572 0.015355 0.022038 0.009238
22.520886 0.015314 0.021918 0.009118
22.536120 0.015233 0.021799 0.008999
22.551282 0.015163 0.021682 0.008882
22.566387 0.015104 0.021565 0.008766
22.581436 0.015049 0.021450 0.008651
22.596414 0.014978 0.021336 0.008537
22.611347 0.014932 0.021223 0.008424
22.626253 0.014907 0.021111 0.008312
22.641148 0.014895 0.021000 0.008200
22.656052 0.014905 0.020889 0.008090
22.670982 0.014930 0.020779 0.007979
22.685947 0.014965 0.020669 0.007869
22.700960 0.015012 0.020559 0.007759
22.716016 0.015056 0.020449 0.007650
22.731115 0.015100 0.020340 0.007540
22.746246 0.015131 0.020231 0.007431
22.761411 0.015164 0.020122 0.007322
22.776609 0.015199 0.020013 0.007214
22.791845 0.015236 0.019905 0.007105
22.807117 0.015271 0.019797 0.006997
22.822429 0.015313 0.019689 0.006889
22.837780 0.015351 0.019581 0.006781
22.853172 0.015392 0.019473 0.006673
22.868604 0.015432 0.019365 0.006566
22.884077 0.015473 0.019258 0.006458
22.899590 0.015512 0.019150 0.006351
22.915134 0.015544 0.019043 0.006243
22.930705 0.015572 0.018936 0.006137
22.946306 0.015600 0.018829 0.006030
22.961930 0.015624 0.018723 0.005923
22.977575 0.015645 0.018617 0.005817
22.993244 0.015669 0.018511 0.005711
23.008934 0.015690 0.018405 0.005605
23.024645 0.015711 0.018300 0.005500
23.040377 0.015732 0.018194 0.005395
23.056127 0.015751 0.018090 0.005290
23.071897 0.015769 0.017985 0.005185
23.087683 0.015786 0.017881 0.005081
23.103488 0.015805 0.017776 0.004977
23.119305 0.015817 0.017672 0.004873
23.135134 0.015829 0.017568 0.004769
23.150975 0.015841 0.017465 0.004665
23.166826 0.015851 0.017361 0.004562
23.182689 0.015863 0.017258 0.004459
23.198564 0.015875 0.017156 0.004356
23.214452 0.015888 0.017053 0.004254
23.230352 0.015901 0.016951 0.004152
23.246266 0.015914 0.016850 0.004050
23.262196 0.015930 0.016748 0.003948
23.278139 0.015944 0.016647 0.003847
23.294098 0.015959 0.016546 0.003746
23.310075 0.015977 0.016445 0.003646
23.326067 0.015992 0.016345 0.003545
23.342076 0.016009 0.016244 0.003445
23.358101 0.016025 0.016144 0.003344
23.374141 0.016040 0.016044 0.003244
23.390196 0.016056 0.015944 0.003144
23.406266 0.016070 0.015844 0.003044
23.422350 0.016084 0.015744 0.002945
23.438449 0.016099 0.015645 0.002845
23.454561 0.016112 0.015545 0.002746
23.470687 0.016126 0.015446 0.002646
23.486827 0.016140 0.015347 0.002547
23.502981 0.016153 0.015248 0.002448
23.519147 0.016167 0.015149 0.002349
23.535326 0.016179 0.015050 0.002250
23.551518 0.016192 0.014952 0.002152
23.567722 0.016204 0.014853 0.002053
23.583938 0.016216 0.014755 0.001955
23.600166 0.016228 0.014657 0.001857
23.616405 0.016240 0.014559 0.001759
23.632657 0.016252 0.014461 0.001661
23.648922 0.016264 0.014363 0.001563
23.665198 0.016276 0.014265 0.001466
23.681486 0.016288 0.014168 0.001368
23.697787 0.016301 0.014071 0.001271
23.714100 0.016313 0.013974 0.001174
23.730424 0.016325 0.013877 0.001077
23.746761 0.016337 0.013780 0.000980
23.763111 0.016349 0.013683 0.000884
23.779471 0.016361 0.013587 0.000787
23.795844 0.016373 0.013491 0.000691
23.812229 0.016384 0.013395 0.000595
23.828624 0.016396 0.013299 0.000499
23.845031 0.016407 0.013204 0.000404
23.861448 0.016418 0.013108 0.000308
23.877877 0.016429 0.013013 0.000213
23.894317 0.016440 0.012918 0.000118
23.910770 0.016453 0.012823 0.000023
23.927235 0.016465 0.012728 -0.000072
23.943711 0.016476 0.012633 -0.000167
23.960200 0.016489 0.012539 -0.000261
23.976697 0.016497 0.012444 -0.000356
23.993199 0.016503 0.012350 -0.000450
24.009708 0.016508 0.012255 -0.000544
24.026222 0.016514 0.012161 -0.000639
24.042743 0.016521 0.012067 -0.000733
24.059270 0.016527 0.011973 -0.000827
24.075803 0.016533 0.011879 -0.000920
24.092343 0.016540 0.011786 -0.001014
24.108889 0.016546 0.011692 -0.001108
24.125440 0.016552 0.011598 -0.001201
24.141980 0.016540 0.011505 -0.001295
24.158509 0.016529 0.011411 -0.001388
24.175029 0.016520 0.011318 -0.001482
24.191541 0.016512 0.011224 -0.001576
24.208047 0.016505 0.011130 -0.001670
24.224546 0.016500 0.011036 -0.001764
24.241041 0.016495 0.010942 -0.001857
24.257533 0.016492 0.010848 -0.001951
24.274022 0.016489 0.010755 -0.002045
24.290509 0.016487 0.010661 -0.002138
24.306993 0.016484 0.010568 -0.002232
24.323475 0.016482 0.010475 -0.002325
24.339956 0.016481 0.010381 -0.002418
24.356435 0.016479 0.010289 -0.002511
24.372914 0.016478 0.010196 -0.002604
24.389391 0.016478 0.010103 -0.002696
24.405869 0.016478 0.010011 -0.002789
24.422348 0.016479 0.009919 -0.002881
24.438828 0.016480 0.009827 -0.002972
24.455310 0.016482 0.009736 -0.003064
24.471795 0.016485 0.009645 -0.003155
24.488282 0.016487 0.009554 -0.003246
24.504773 0.016491 0.009463 -0.003336
24.521267 0.016494 0.009373 -0.003427
24.537766 0.016499 0.009283 -0.003517
24.554269 0.016503 0.009193 -0.003607
24.570777 0.016508 0.009103 -0.003696
24.587291 0.016514 0.009014 -0.003785
24.603811 0.016520 0.008926 -0.003874
24.620337 0.016526 0.008837 -0.003962
24.636870 0.016533 0.008749 -0.004050
24.653410 0.016540 0.008662 -0.004138
24.669958 0.016548 0.008575 -0.004225
24.686514 0.016556 0.008488 -0.004311
24.703077 0.016564 0.008402 -0.004398
24.719649 0.016572 0.008316 -0.004484
24.736229 0.016580 0.008231 -0.004569
24.752817 0.016588 0.008146 -0.004654
24.769414 0.016596 0.008061 -0.004739
24.786018 0.016604 0.007977 -0.004823
24.802630 0.016612 0.007893 -0.004907
24.819250 0.016620 0.007809 -0.004991
24.835877 0.016627 0.007726 -0.005074
24.852512 0.016634 0.007643 -0.005156
24.869154 0.016642 0.007561 -0.005239
24.885803 0.016649 0.007479 -0.005320
24.902460 0.016657 0.007398 -0.005401
24.919124 0.016664 0.007318 -0.005482
24.935796 0.016672 0.007238 -0.005561
24.952476 0.016680 0.007159 -0.005641
24.969164 0.016688 0.007081 -0.005719
24.985860 0.016696 0.007003 -0.005797
25.002565 0.016705 0.006925 -0.005874
25.019278 0.016713 0.006849 -0.005951
25.036000 0.016722 0.006772 -0.006027
25.052731 0.016731 0.006697 -0.006103
25.069471 0.016740 0.006622 -0.006178
25.086221 0.016749 0.006548 -0.006252
25.102979 0.016759 0.006474 -0.006326
25.119747 0.016768 0.006401 -0.006399
25.136525 0.016778 0.006328 -0.006472
25.153313 0.016788 0.006255 -0.006544
25.170110 0.016798 0.006183 -0.006616
25.186918 0.016808 0.006112 -0.006687
25.203736 0.016818 0.006042 -0.006758
25.220563 0.016828 0.005972 -0.006828
25.237401 0.016838 0.005902 -0.006897
25.254249 0.016848 0.005834 -0.006966
25.271108 0.016858 0.005766 -0.007034
25.287976 0.016868 0.005699 -0.007101
25.304854 0.016878 0.005632 -0.007167
25.321742 0.016888 0.005567 -0.007233
25.338639 0.016898 0.005502 -0.007298
25.355547 0.016907 0.005438 -0.007361
25.372464 0.016917 0.005375 -0.007424
25.389390 0.016926 0.005313 -0.007486
25.406324 0.016935 0.005252 -0.007547
25.423267 0.016943 0.005192 -0.007608
25.440217 0.016951 0.005133 -0.007667
25.457176 0.016959 0.005076 -0.007724
25.474142 0.016966 0.005020 -0.007780
25.491115 0.016973 0.004965 -0.007835
25.508095 0.016980 0.004912 -0.007888
25.525082 0.016987 0.004860 -0.007940
25.542075 0.016994 0.004809 -0.007990
25.559076 0.017001 0.004760 -0.008040
25.576083 0.017007 0.004711 -0.008089
25.593096 0.017013 0.004663 -0.008137
25.610116 0.017019 0.004616 -0.008184
25.627141 0.017025 0.004569 -0.008230
25.644172 0.017031 0.004523 -0.008276
25.661209 0.017037 0.004478 -0.008322
25.678251 0.017042 0.004433 -0.008366
25.695299 0.017047 0.004389 -0.008410
25.712352 0.017053 0.004346 -0.008454
25.729410 0.017058 0.004303 -0.008497
25.746472 0.017063 0.004260 -0.008540
25.763540 0.017068 0.004218 -0.008582
25.780612 0.017072 0.004175 -0.008624
25.797690 0.017078 0.004133 -0.008666
25.814773 0.017083 0.004092 -0.008708
25.831863 0.017090 0.004050 -0.008750
25.848959 0.017096 0.004009 -0.008791
25.866060 0.017102 0.003968 -0.008832
25.883168 0.017108 0.003927 -0.008873
25.900283 0.017114 0.003887 -0.008913
25.917404 0.017121 0.003847 -0.008953
25.934531 0.017128 0.003808 -0.008992
25.951665 0.017134 0.003769 -0.009031
25.968805 0.017140 0.003731 -0.009068
25.985952 0.017147 0.003694 -0.009106
26.003105 0.017153 0.003657 -0.009143
26.020264 0.017159 0.003621 -0.009179
26.037430 0.017165 0.003585 -0.009214
26.054601 0.017171 0.003550 -0.009250
26.071778 0.017177 0.003516 -0.009284
26.088961 0.017183 0.003482 -0.009318
26.106150 0.017189 0.003448 -0.009352
26.123344 0.017195 0.003415 -0.009385
26.140545 0.017201 0.003382 -0.009417
26.157753 0.017207 0.003350 -0.009450
26.174967 0.017214 0.003318 -0.009481
26.192187 0.017220 0.003287 -0.009513
26.209414 0.017227 0.003256 -0.009544
26.226647 0.017233 0.003226 -0.009574
26.243887 0.017240 0.003195 -0.009604
26.261133 0.017246 0.003166 -0.009634
26.278385 0.017252 0.003136 -0.009663
26.295643 0.017258 0.003107 -0.009692
26.312907 0.017264 0.003079 -0.009721
26.330177 0.017270 0.003050 -0.009749
26.347451 0.017275 0.003022 -0.009777
26.364731 0.017279 0.002995 -0.009805
26.382014 0.017284 0.002968 -0.009832
26.399302 0.017287 0.002941 -0.009859
26.416593 0.017291 0.002915 -0.009885
26.433888 0.017295 0.002889 -0.009911
26.451187 0.017299 0.002863 -0.009936
26.468489 0.017302 0.002838 -0.009962
26.485795 0.017306 0.002813 -0.009987
26.503105 0.017310 0.002789 -0.010011
26.520408 0.017303 0.002764 -0.010035
26.537693 0.017285 0.002740 -0.010059
26.554953 0.017260 0.002717 -0.010083
26.572188 0.017235 0.002693 -0.010107
26.589398 0.017210 0.002670 -0.010130
26.606584 0.017186 0.002647 -0.010153
26.623747 0.017163 0.002624 -0.010176
26.640889 0.017141 0.002601 -0.010199
26.658010 0.017121 0.002578 -0.010221
26.675113 0.017103 0.002556 -0.010244
26.692198 0.017086 0.002534 -0.010266
26.709267 0.017068 0.002512 -0.010288
26.726318 0.017051 0.002489 -0.010310
26.743351 0.017033 0.002467 -0.010332
26.760365 0.017014 0.002445 -0.010354
26.777360 0.016995 0.002424 -0.010376
26.794336 0.016976 0.002402 -0.010398
26.811292 0.016956 0.002380 -0.010420
26.828230 0.016938 0.002358 -0.010441
26.845151 0.016921 0.002337 -0.010463
26.862056 0.016905 0.002315 -0.010485
26.878946 0.016890 0.002294 -0.010506
26.895822 0.016877 0.002272 -0.010528
26.912687 0.016865 0.002250 -0.010549
26.929545 0.016858 0.002229 -0.010571
26.946398 0.016852 0.002207 -0.010592
26.963239 0.016841 0.002186 -0.010614
26.980065 0.016827 0.002164 -0.010635
26.996878 0.016813 0.002143 -0.010657
27.013677 0.016799 0.002121 -0.010678
27.030462 0.016785 0.002100 -0.010700
27.047234 0.016772 0.002078 -0.010721
27.063992 0.016758 0.002057 -0.010743
27.080737 0.016745 0.002035 -0.010764
27.097469 0.016732 0.002014 -0.010786
27.114188 0.016719 0.001992 -0.010808
27.130895 0.016707 0.001971 -0.010829
27.147589 0.016695 0.001949 -0.010851
27.164273 0.016683 0.001928 -0.010872
27.180946 0.016673 0.001906 -0.010893
27.197603 0.016658 0.001885 -0.010915
27.214246 0.016643 0.001863 -0.010936
27.230874 0.016628 0.001842 -0.010958
27.247489 0.016615 0.001820 -0.010979
27.264090 0.016602 0.001799 -0.011001
27.280680 0.016590 0.001778 -0.011022
27.297259 0.016578 0.001757 -0.011043
27.313826 0.016568 0.001735 -0.011064
27.330384 0.016558 0.001714 -0.011085
27.346933 0.016549 0.001693 -0.011106
27.363475 0.016542 0.001672 -0.011127
27.380012 0.016537 0.001651 -0.011148
27.396544 0.016532 0.001631 -0.011169
27.413073 0.016529 0.001610 -0.011190
27.429598 0.016526 0.001589 -0.011210
27.446122 0.016524 0.001569 -0.011231
27.462645 0.016523 0.001548 -0.011251
27.479168 0.016522 0.001528 -0.011272
27.495690 0.016523 0.001508 -0.011292
27.512214 0.016524 0.001487 -0.011312
27.528740 0.016526 0.001467 -0.011333
27.545268 0.016528 0.001447 -0.011353
27.561799 0.016531 0.001427 -0.011373
27.578334 0.016534 0.001407 -0.011393
27.594872 0.016538 0.001387 -0.011412
27.611414 0.016543 0.001367 -0.011432
27.627962 0.016548 0.001348 -0.011452
27.644516 0.016554 0.001328 -0.011471
27.661076 0.016561 0.001309 -0.011490
27.677644 0.016568 0.001290 -0.011510
27.694221 0.016576 0.001271 -0.011528
27.710806 0.016585 0.001253 -0.011547
27.727394 0.016588 0.001234 -0.011566
27.743985 0.016591 0.001216 -0.011584
27.760580 0.016595 0.001198 -0.011602
27.777179 0.016600 0.001180 -0.011620
27.793784 0.016604 0.001162 -0.011638
27.810393 0.016609 0.001145 -0.011655
27.827007 0.016614 0.001127 -0.011672
27.843628 0.016621 0.001110 -0.011689
27.860256 0.016628 0.001094 -0.011706
27.876890 0.016634 0.001077 -0.011723
27.893529 0.016638 0.001061 -0.011739
27.910170 0.016641 0.001045 -0.011755
27.926814 0.016644 0.001029 -0.011771
27.943458 0.016644 0.001013 -0.011787
27.960102 0.016644 0.000997 -0.011802
27.976747 0.016645 0.000982 -0.011817
27.993394 0.016647 0.000967 -0.011832
28.010050 0.016656 0.000952 -0.011847
28.026723 0.016672 0.000941 -0.011859
28.043383 0.016660 0.000930 -0.011870
28.060027 0.016644 0.000919 -0.011881
28.076662 0.016635 0.000907 -0.011892
28.093303 0.016642 0.000896 -0.011904
28.109954 0.016651 0.000885 -0.011915
28.126607 0.016653 0.000873 -0.011926
28.143257 0.016650 0.000862 -0.011937
28.159903 0.016646 0.000851 -0.011949
28.176542 0.016639 0.000840 -0.011960
28.193174 0.016632 0.000829 -0.011970
28.209795 0.016621 0.000819 -0.011981
28.226409 0.016614 0.000808 -0.011992
28.243018 0.016609 0.000796 -0.012003
28.259620 0.016602 0.000785 -0.012015
28.276214 0.016594 0.000774 -0.012026
28.292801 0.016587 0.000763 -0.012036
28.309382 0.016581 0.000753 -0.012047
28.325960 0.016577 0.000743 -0.012057
28.342535 0.016576 0.000732 -0.012067
28.359111 0.016576 0.000723 -0.012077
28.375687 0.016576 0.000713 -0.012087
28.392263 0.016576 0.000704 -0.012096
28.408838 0.016576 0.000695 -0.012105
28.425413 0.016575 0.000686 -0.012114
28.441987 0.016574 0.000677 -0.012122
28.458561 0.016573 0.000669 -0.012131
28.475135 0.016575 0.000661 -0.012139
28.491713 0.016578 0.000653 -0.012147
28.508295 0.016582 0.000645 -0.012154
28.524882 0.016587 0.000638 -0.012162
28.541474 0.016592 0.000630 -0.012169
28.558075 0.016601 0.000623 -0.012177
28.574683 0.016609 0.000616 -0.012184
28.591300 0.016616 0.000609 -0.012190
28.607922 0.016623 0.000603 -0.012197
28.624549 0.016626 0.000596 -0.012204
28.641179 0.016630 0.000590 -0.012210
28.657813 0.016634 0.000584 -0.012216
28.674451 0.016638 0.000578 -0.012222
28.691093 0.016642 0.000572 -0.012228
28.707738 0.016645 0.000566 -0.012234
28.724386 0.016648 0.000560 -0.012239
28.741036 0.016650 0.000555 -0.012245
28.757689 0.016652 0.000549 -0.012250
28.774344 0.016655 0.000544 -0.012256
28.791002 0.016658 0.000539 -0.012261
28.807664 0.016662 0.000534 -0.012266
28.824330 0.016666 0.000529 -0.012271
28.841000 0.016670 0.000524 -0.012276
28.857676 0.016675 0.000519 -0.012280
28.874354 0.016678 0.000515 -0.012285
28.891030 0.016676 0.000510 -0.012290
28.907705 0.016675 0.000506 -0.012294
28.924378 0.016673 0.000501 -0.012299
28.941050 0.016672 0.000497 -0.012303
28.957721 0.016671 0.000493 -0.012307
28.974391 0.016670 0.000488 -0.012311
28.991060 0.016669 0.000484 -0.012315
29.007729 0.016669 0.000480 -0.012319
29.024397 0.016668 0.000476 -0.012323
29.041065 0.016668 0.000472 -0.012327
29.057732 0.016667 0.000469 -0.012331
29.074398 0.016667 0.000465 -0.012335
29.091064 0.016666 0.000461 -0.012338
29.107729 0.016665 0.000458 -0.012342
29.124393 0.016664 0.000455 -0.012345
29.141057 0.016663 0.000451 -0.012348
29.157719 0.016662 0.000448 -0.012351
29.174380 0.016661 0.000445 -0.012355
29.191039 0.016660 0.000442 -0.012358
29.207697 0.016658 0.000439 -0.012361
29.224354 0.016657 0.000435 -0.012364
29.241010 0.016656 0.000432 -0.012368
29.257664 0.016655 0.000429 -0.012371
29.274318 0.016654 0.000425 -0.012374
29.290972 0.016653 0.000422 -0.012378
29.307624 0.016653 0.000419 -0.012381
29.324277 0.016653 0.000415 -0.012384
29.340929 0.016652 0.000412 -0.012388
29.357582 0.016652 0.000409 -0.012391
29.374234 0.016652 0.000406 -0.012394
29.390886 0.016653 0.000402 -0.012397
29.407539 0.016653 0.000399 -0.012401
29.424193 0.016653 0.000396 -0.012404
29.440847 0.016654 0.000393 -0.012407
29.457501 0.016654 0.000389 -0.012410
29.474155 0.016654 0.000386 -0.012413
29.490810 0.016655 0.000383 -0.012416
29.507466 0.016656 0.000380 -0.012420
29.524122 0.016657 0.000377 -0.012423
29.540780 0.016658 0.000374 -0.012426
29.557439 0.016659 0.000371 -0.012429
29.574100 0.016661 0.000368 -0.012432
29.590763 0.016663 0.000365 -0.012435
29.607427 0.016665 0.000362 -0.012438
29.624094 0.016667 0.000359 -0.012440
29.640763 0.016669 0.000356 -0.012443
29.657432 0.016669 0.000354 -0.012446
29.674102 0.016670 0.000351 -0.012449
29.690773 0.016671 0.000348 -0.012452
29.707445 0.016672 0.000345 -0.012454
29.724117 0.016673 0.000343 -0.012457
29.740791 0.016674 0.000340 -0.012460
29.757465 0.016674 0.000337 -0.012462
29.774141 0.016675 0.000335 -0.012465
29.790817 0.016676 0.000332 -0.012468
29.807495 0.016678 0.000330 -0.012470
29.824174 0.016679 0.000327 -0.012473
29.840855 0.016681 0.000324 -0.012475
29.857538 0.016682 0.000322 -0.012478
29.874222 0.016684 0.000320 -0.012480
29.890908 0.016686 0.000317 -0.012483
29.907596 0.016688 0.000315 -0.012485
29.924287 0.016691 0.000312 -0.012487
29.940980 0.016693 0.000310 -0.012490
29.957676 0.016696 0.000308 -0.012492
29.974374 0.016698 0.000305 -0.012494
29.991076 0.016702 0.000303 -0.012497
30.000000 0.008924 0.000302 -0.012498
