Gauge gauge_1 Location: X=4.521, Y=1.696
Time(s) dt(s) Depth(m) Elevation(m)
0.017486 0.017486 0.002586 -0.000000
0.034972 0.017486 0.002586 -0.000000
0.052459 0.017486 0.002585 -0.000001
0.069945 0.017486 0.002585 -0.000001
0.087431 0.017486 0.002584 -0.000002
0.104917 0.017486 0.002583 -0.000003
0.122403 0.017486 0.002583 -0.000003
0.139889 0.017486 0.002582 -0.000004
0.157375 0.017486 0.002581 -0.000005
0.174860 0.017485 0.002580 -0.000006
0.192345 0.017485 0.002579 -0.000007
0.209830 0.017485 0.002577 -0.000008
0.227314 0.017484 0.002576 -0.000010
0.244798 0.017484 0.002575 -0.000011
0.262282 0.017484 0.002574 -0.000012
0.279766 0.017484 0.002573 -0.000013
0.297249 0.017483 0.002571 -0.000014
0.314732 0.017483 0.002570 -0.000016
0.332215 0.017483 0.002569 -0.000017
0.349697 0.017483 0.002568 -0.000018
0.367180 0.017482 0.002566 -0.000020
0.384662 0.017482 0.002565 -0.000021
0.402144 0.017482 0.002564 -0.000022
0.419626 0.017482 0.002562 -0.000024
0.437107 0.017482 0.002561 -0.000025
0.454589 0.017482 0.002560 -0.000026
0.472071 0.017482 0.002558 -0.000027
0.489552 0.017482 0.002557 -0.000029
0.507034 0.017481 0.002556 -0.000030
0.524515 0.017481 0.002555 -0.000031
0.541996 0.017481 0.002554 -0.000032
0.559478 0.017481 0.002552 -0.000033
0.576959 0.017481 0.002551 -0.000035
0.594441 0.017481 0.002550 -0.000036
0.611922 0.017481 0.002549 -0.000037
0.629403 0.017481 0.002548 -0.000038
0.646885 0.017481 0.002547 -0.000039
0.664366 0.017481 0.002546 -0.000040
0.681848 0.017481 0.002545 -0.000041
0.699329 0.017482 0.002544 -0.000042
0.716811 0.017482 0.002543 -0.000043
0.734292 0.017482 0.002541 -0.000044
0.751774 0.017482 0.002540 -0.000046
0.769256 0.017482 0.002539 -0.000047
0.786738 0.017482 0.002538 -0.000048
0.804220 0.017482 0.002537 -0.000049
0.821702 0.017482 0.002536 -0.000050
0.839184 0.017482 0.002535 -0.000051
0.856666 0.017482 0.002534 -0.000052
0.874148 0.017482 0.002533 -0.000052
0.891630 0.017482 0.002533 -0.000053
0.909113 0.017482 0.002532 -0.000054
0.926595 0.017482 0.002531 -0.000055
0.944077 0.017482 0.002530 -0.000056
0.961560 0.017483 0.002530 -0.000056
0.979043 0.017483 0.002529 -0.000057
0.996525 0.017483 0.002529 -0.000057
1.014008 0.017483 0.002528 -0.000058
1.031491 0.017483 0.002528 -0.000058
1.048973 0.017483 0.002527 -0.000059
1.066456 0.017483 0.002527 -0.000059
1.083939 0.017483 0.002526 -0.000059
1.101422 0.017483 0.002526 -0.000060
1.118905 0.017483 0.002526 -0.000060
1.136388 0.017483 0.002526 -0.000060
1.153870 0.017483 0.002526 -0.000060
1.171353 0.017483 0.002526 -0.000060
1.188836 0.017483 0.002526 -0.000060
1.206319 0.017483 0.002525 -0.000060
1.223802 0.017483 0.002525 -0.000060
1.241284 0.017483 0.002526 -0.000060
1.258767 0.017483 0.002526 -0.000060
1.276250 0.017483 0.002526 -0.000060
1.293732 0.017483 0.002526 -0.000060
1.311215 0.017483 0.002526 -0.000060
1.328697 0.017482 0.002526 -0.000060
1.346180 0.017482 0.002526 -0.000060
1.363662 0.017482 0.002527 -0.000059
1.381144 0.017482 0.002527 -0.000059
1.398627 0.017482 0.002527 -0.000059
1.416109 0.017482 0.002527 -0.000059
1.433591 0.017482 0.002528 -0.000058
1.451073 0.017482 0.002528 -0.000058
1.468555 0.017482 0.002528 -0.000058
1.486037 0.017482 0.002529 -0.000057
1.503519 0.017482 0.002529 -0.000057
1.521001 0.017482 0.002530 -0.000056
1.538482 0.017482 0.002530 -0.000056
1.555964 0.017482 0.002531 -0.000055
1.573446 0.017482 0.002531 -0.000055
1.590927 0.017482 0.002532 -0.000054
1.608409 0.017481 0.002532 -0.000054
1.625890 0.017481 0.002533 -0.000053
1.643371 0.017481 0.002533 -0.000052
1.660852 0.017481 0.002534 -0.000052
1.678333 0.017481 0.002535 -0.000051
1.695814 0.017481 0.002536 -0.000050
1.713295 0.017481 0.002536 -0.000049
1.730776 0.017481 0.002537 -0.000049
1.748257 0.017481 0.002538 -0.000048
1.765738 0.017481 0.002539 -0.000047
1.783218 0.017481 0.002540 -0.000046
1.800699 0.017480 0.002541 -0.000045
1.818179 0.017480 0.002542 -0.000044
1.835659 0.017480 0.002543 -0.000043
1.853139 0.017480 0.002543 -0.000042
1.870620 0.017480 0.002544 -0.000042
1.888100 0.017480 0.002545 -0.000041
1.905579 0.017480 0.002546 -0.000040
1.923059 0.017480 0.002547 -0.000039
1.940539 0.017480 0.002548 -0.000038
1.958019 0.017480 0.002549 -0.000037
1.975498 0.017480 0.002550 -0.000036
1.992978 0.017480 0.002551 -0.000035
2.010457 0.017480 0.002552 -0.000034
2.027937 0.017479 0.002553 -0.000033
2.045416 0.017479 0.002554 -0.000032
2.062896 0.017479 0.002555 -0.000031
2.080375 0.017479 0.002556 -0.000030
2.097855 0.017479 0.002556 -0.000029
2.115334 0.017479 0.002557 -0.000029
2.132813 0.017479 0.002558 -0.000028
2.150293 0.017479 0.002559 -0.000027
2.167772 0.017479 0.002560 -0.000026
2.185252 0.017479 0.002561 -0.000025
2.202731 0.017480 0.002562 -0.000024
2.220211 0.017480 0.002563 -0.000023
2.237691 0.017480 0.002564 -0.000022
2.255170 0.017480 0.002565 -0.000021
2.272650 0.017480 0.002565 -0.000021
2.290131 0.017480 0.002566 -0.000020
2.307611 0.017480 0.002567 -0.000019
2.325092 0.017481 0.002568 -0.000018
2.342572 0.017481 0.002569 -0.000017
2.360053 0.017481 0.002569 -0.000017
2.377535 0.017481 0.002570 -0.000016
2.395017 0.017482 0.002571 -0.000015
2.412499 0.017482 0.002572 -0.000014
2.429981 0.017482 0.002572 -0.000014
2.447464 0.017483 0.002573 -0.000013
2.464948 0.017483 0.002574 -0.000012
2.482431 0.017484 0.002574 -0.000012
2.499916 0.017484 0.002575 -0.000011
2.517401 0.017485 0.002576 -0.000010
2.534886 0.017485 0.002576 -0.000010
2.552371 0.017485 0.002577 -0.000009
2.569857 0.017485 0.002577 -0.000009
2.587342 0.017485 0.002578 -0.000008
2.604827 0.017485 0.002578 -0.000008
2.622313 0.017485 0.002579 -0.000007
2.639798 0.017485 0.002579 -0.000007
2.657283 0.017485 0.002580 -0.000006
2.674768 0.017485 0.002580 -0.000006
2.692253 0.017485 0.002581 -0.000005
2.709739 0.017485 0.002581 -0.000005
2.727224 0.017485 0.002582 -0.000004
2.744709 0.017485 0.002582 -0.000004
2.762194 0.017485 0.002582 -0.000004
2.779679 0.017485 0.002583 -0.000003
2.797164 0.017485 0.002583 -0.000003
2.814649 0.017485 0.002583 -0.000003
2.832134 0.017485 0.002584 -0.000002
2.849619 0.017485 0.002584 -0.000002
2.867104 0.017485 0.002584 -0.000002
2.884589 0.017485 0.002584 -0.000001
2.902074 0.017485 0.002585 -0.000001
2.919559 0.017485 0.002585 -0.000001
2.937044 0.017485 0.002585 -0.000001
2.954529 0.017485 0.002585 -0.000001
2.972014 0.017485 0.002585 -0.000001
2.989499 0.017485 0.002585 -0.000001
3.006984 0.017485 0.002585 -0.000001
3.024469 0.017485 0.002585 -0.000000
3.041954 0.017485 0.002585 -0.000000
3.059439 0.017485 0.002585 -0.000000
3.076924 0.017485 0.002585 -0.000000
3.094409 0.017485 0.002585 -0.000000
3.111894 0.017485 0.002585 -0.000000
3.129380 0.017485 0.002585 -0.000001
3.146865 0.017485 0.002585 -0.000001
3.164350 0.017485 0.002585 -0.000001
3.181835 0.017485 0.002585 -0.000001
3.199320 0.017485 0.002585 -0.000001
3.216805 0.017485 0.002585 -0.000001
3.234291 0.017485 0.002585 -0.000001
3.251776 0.017485 0.002585 -0.000001
3.269261 0.017485 0.002585 -0.000001
3.286747 0.017485 0.002584 -0.000002
3.304232 0.017485 0.002584 -0.000002
3.321717 0.017485 0.002584 -0.000002
3.339203 0.017485 0.002584 -0.000002
3.356688 0.017485 0.002584 -0.000002
3.374174 0.017485 0.002584 -0.000002
3.391659 0.017485 0.002583 -0.000002
3.409144 0.017485 0.002583 -0.000003
3.426630 0.017485 0.002583 -0.000003
3.444115 0.017485 0.002583 -0.000003
3.461601 0.017485 0.002583 -0.000003
3.479086 0.017485 0.002583 -0.000003
3.496572 0.017485 0.002583 -0.000003
3.514057 0.017485 0.002583 -0.000003
3.531543 0.017485 0.002583 -0.000003
3.549028 0.017485 0.002583 -0.000003
3.566514 0.017485 0.002583 -0.000003
3.583999 0.017485 0.002583 -0.000003
3.601485 0.017485 0.002583 -0.000003
3.618970 0.017486 0.002583 -0.000003
3.636456 0.017486 0.002583 -0.000003
3.653941 0.017486 0.002583 -0.000003
3.671427 0.017486 0.002583 -0.000003
3.688913 0.017486 0.002583 -0.000003
3.706399 0.017486 0.002583 -0.000002
3.723885 0.017486 0.002584 -0.000002
3.741371 0.017486 0.002584 -0.000002
3.758858 0.017487 0.002584 -0.000002
3.776345 0.017487 0.002584 -0.000002
3.793832 0.017487 0.002585 -0.000001
3.811320 0.017487 0.002585 -0.000001
3.828807 0.017488 0.002585 -0.000001
3.846296 0.017488 0.002586 -0.000000
3.863784 0.017488 0.002586 0.000000
3.881272 0.017488 0.002586 0.000000
3.898760 0.017488 0.002587 0.000001
3.916247 0.017487 0.002587 0.000001
3.933734 0.017487 0.002588 0.000002
3.951221 0.017487 0.002588 0.000002
3.968707 0.017486 0.002589 0.000003
3.986193 0.017486 0.002589 0.000004
4.003679 0.017486 0.002590 0.000004
4.021165 0.017486 0.002591 0.000005
4.038650 0.017485 0.002592 0.000006
4.056135 0.017485 0.002592 0.000006
4.073620 0.017485 0.002593 0.000007
4.091104 0.017485 0.002594 0.000008
4.108588 0.017484 0.002595 0.000009
4.126073 0.017484 0.002596 0.000010
4.143557 0.017484 0.002596 0.000010
4.161041 0.017484 0.002597 0.000011
4.178525 0.017484 0.002598 0.000012
4.196008 0.017484 0.002599 0.000013
4.213492 0.017484 0.002600 0.000014
4.230976 0.017484 0.002601 0.000015
4.248460 0.017484 0.002602 0.000016
4.265944 0.017484 0.002603 0.000017
4.283427 0.017484 0.002604 0.000018
4.300911 0.017484 0.002605 0.000019
4.318395 0.017484 0.002606 0.000020
4.335880 0.017484 0.002607 0.000021
4.353364 0.017484 0.002608 0.000022
4.370848 0.017484 0.002609 0.000023
4.388333 0.017485 0.002610 0.000024
4.405818 0.017485 0.002611 0.000025
4.423303 0.017485 0.002612 0.000026
4.440788 0.017485 0.002613 0.000027
4.458273 0.017485 0.002614 0.000028
4.475759 0.017486 0.002615 0.000029
4.493245 0.017486 0.002616 0.000030
4.510732 0.017486 0.002617 0.000031
4.528218 0.017487 0.002618 0.000032
4.545705 0.017487 0.002619 0.000033
4.563191 0.017487 0.002620 0.000034
4.580678 0.017486 0.002621 0.000035
4.598164 0.017486 0.002622 0.000036
4.615650 0.017486 0.002623 0.000037
4.633137 0.017486 0.002623 0.000038
4.650623 0.017486 0.002624 0.000038
4.668109 0.017486 0.002625 0.000039
4.685596 0.017486 0.002626 0.000040
4.703082 0.017487 0.002627 0.000041
4.720569 0.017487 0.002627 0.000041
4.738056 0.017487 0.002628 0.000042
4.755543 0.017487 0.002629 0.000043
4.773031 0.017487 0.002629 0.000044
4.790518 0.017488 0.002630 0.000044
4.808006 0.017488 0.002631 0.000045
4.825494 0.017488 0.002631 0.000045
4.842982 0.017488 0.002632 0.000046
4.860471 0.017489 0.002632 0.000046
4.877960 0.017489 0.002633 0.000047
4.895449 0.017489 0.002633 0.000047
4.912938 0.017490 0.002634 0.000048
4.930428 0.017490 0.002634 0.000048
4.947919 0.017490 0.002634 0.000048
4.965409 0.017491 0.002635 0.000049
4.982900 0.017491 0.002635 0.000049
5.000392 0.017491 0.002635 0.000049
5.017883 0.017492 0.002635 0.000049
5.035376 0.017492 0.002635 0.000049
5.052868 0.017492 0.002635 0.000049
5.070360 0.017493 0.002635 0.000049
5.087853 0.017493 0.002635 0.000049
5.105346 0.017493 0.002635 0.000049
5.122840 0.017493 0.002635 0.000049
5.140333 0.017494 0.002635 0.000049
5.157827 0.017494 0.002635 0.000049
5.175321 0.017494 0.002635 0.000049
5.192816 0.017494 0.002635 0.000049
5.210310 0.017495 0.002634 0.000048
5.227805 0.017495 0.002634 0.000048
5.245300 0.017495 0.002634 0.000048
5.262795 0.017495 0.002634 0.000048
5.280290 0.017495 0.002633 0.000047
5.297786 0.017496 0.002633 0.000047
5.315282 0.017496 0.002632 0.000046
5.332778 0.017496 0.002632 0.000046
5.350274 0.017496 0.002631 0.000045
5.367770 0.017496 0.002631 0.000045
5.385267 0.017497 0.002630 0.000044
5.402763 0.017497 0.002630 0.000044
5.420260 0.017497 0.002629 0.000043
5.437758 0.017497 0.002629 0.000043
5.455255 0.017498 0.002628 0.000042
5.472753 0.017498 0.002627 0.000041
5.490251 0.017498 0.002627 0.000041
5.507750 0.017498 0.002626 0.000040
5.525248 0.017499 0.002625 0.000039
5.542747 0.017499 0.002624 0.000038
5.560247 0.017499 0.002624 0.000038
5.577746 0.017500 0.002623 0.000037
5.595246 0.017500 0.002622 0.000036
5.612746 0.017500 0.002622 0.000036
5.630246 0.017500 0.002621 0.000035
5.647746 0.017500 0.002620 0.000034
5.665247 0.017500 0.002619 0.000033
5.682747 0.017500 0.002619 0.000033
5.700247 0.017500 0.002618 0.000032
5.717747 0.017500 0.002617 0.000031
5.735247 0.017500 0.002616 0.000030
5.752748 0.017500 0.002616 0.000030
5.770248 0.017500 0.002615 0.000029
5.787749 0.017501 0.002614 0.000028
5.805249 0.017501 0.002613 0.000027
5.822750 0.017501 0.002613 0.000027
5.840251 0.017501 0.002612 0.000026
5.857752 0.017501 0.002611 0.000025
5.875254 0.017501 0.002610 0.000025
5.892755 0.017502 0.002610 0.000024
5.910257 0.017502 0.002609 0.000023
5.927759 0.017502 0.002608 0.000022
5.945262 0.017502 0.002607 0.000022
5.962764 0.017503 0.002607 0.000021
5.980267 0.017503 0.002606 0.000020
5.997770 0.017503 0.002605 0.000019
6.015274 0.017504 0.002604 0.000018
6.032778 0.017504 0.002604 0.000018
6.050282 0.017504 0.002603 0.000017
6.067786 0.017505 0.002602 0.000016
6.085291 0.017505 0.002601 0.000015
6.102797 0.017505 0.002600 0.000014
6.120302 0.017506 0.002600 0.000014
6.137808 0.017506 0.002599 0.000013
6.155314 0.017506 0.002598 0.000012
6.172820 0.017506 0.002597 0.000011
6.190327 0.017507 0.002596 0.000010
6.207834 0.017507 0.002595 0.000009
6.225342 0.017507 0.002594 0.000008
6.242850 0.017508 0.002593 0.000007
6.260358 0.017508 0.002592 0.000006
6.277866 0.017508 0.002591 0.000005
6.295374 0.017508 0.002590 0.000004
6.312883 0.017509 0.002589 0.000003
6.330392 0.017509 0.002588 0.000002
6.347901 0.017509 0.002587 0.000001
6.365411 0.017509 0.002586 0.000000
6.382920 0.017510 0.002585 -0.000001
6.400430 0.017510 0.002584 -0.000002
6.417940 0.017510 0.002583 -0.000003
6.435450 0.017510 0.002582 -0.000004
6.452961 0.017511 0.002581 -0.000005
6.470472 0.017511 0.002579 -0.000006
6.487983 0.017511 0.002578 -0.000008
6.505494 0.017511 0.002577 -0.000009
6.523005 0.017511 0.002576 -0.000010
6.540517 0.017512 0.002575 -0.000011
6.558029 0.017512 0.002574 -0.000012
6.575541 0.017512 0.002573 -0.000013
6.593053 0.017512 0.002572 -0.000014
6.610566 0.017512 0.002571 -0.000015
6.628078 0.017513 0.002570 -0.000016
6.645591 0.017513 0.002569 -0.000017
6.663104 0.017513 0.002568 -0.000018
6.680617 0.017513 0.002567 -0.000019
6.698131 0.017513 0.002566 -0.000020
6.715644 0.017514 0.002565 -0.000021
6.733158 0.017514 0.002564 -0.000022
6.750672 0.017514 0.002563 -0.000023
6.768186 0.017514 0.002562 -0.000023
6.785701 0.017514 0.002562 -0.000024
6.803215 0.017515 0.002561 -0.000025
6.820730 0.017515 0.002560 -0.000026
6.838245 0.017515 0.002559 -0.000027
6.855761 0.017515 0.002559 -0.000027
6.873276 0.017516 0.002558 -0.000028
6.890792 0.017516 0.002557 -0.000029
6.908308 0.017516 0.002557 -0.000029
6.925824 0.017516 0.002556 -0.000030
6.943341 0.017516 0.002556 -0.000030
6.960858 0.017517 0.002555 -0.000030
6.978375 0.017517 0.002555 -0.000031
6.995892 0.017517 0.002555 -0.000031
7.013409 0.017517 0.002555 -0.000031
7.030926 0.017517 0.002555 -0.000031
7.048443 0.017517 0.002555 -0.000031
7.065960 0.017517 0.002555 -0.000031
7.083478 0.017517 0.002555 -0.000031
7.100995 0.017517 0.002555 -0.000031
7.118512 0.017517 0.002555 -0.000031
7.136030 0.017517 0.002555 -0.000030
7.153547 0.017517 0.002556 -0.000030
7.171065 0.017518 0.002556 -0.000030
7.188582 0.017518 0.002557 -0.000029
7.206100 0.017518 0.002557 -0.000029
7.223618 0.017518 0.002558 -0.000028
7.241136 0.017518 0.002559 -0.000027
7.258655 0.017518 0.002559 -0.000027
7.276173 0.017518 0.002560 -0.000026
7.293691 0.017518 0.002561 -0.000025
7.311209 0.017518 0.002562 -0.000024
7.328728 0.017518 0.002563 -0.000023
7.346246 0.017518 0.002564 -0.000022
7.363764 0.017518 0.002566 -0.000020
7.381282 0.017518 0.002567 -0.000019
7.398801 0.017518 0.002568 -0.000018
7.416319 0.017518 0.002569 -0.000016
7.433838 0.017518 0.002571 -0.000015
7.451356 0.017519 0.002572 -0.000014
7.468875 0.017519 0.002574 -0.000012
7.486394 0.017519 0.002575 -0.000011
7.503912 0.017519 0.002577 -0.000009
7.521431 0.017519 0.002579 -0.000007
7.538950 0.017519 0.002580 -0.000006
7.556469 0.017519 0.002582 -0.000004
7.573988 0.017519 0.002584 -0.000002
7.591507 0.017519 0.002585 -0.000001
7.609026 0.017519 0.002587 0.000001
7.626545 0.017519 0.002589 0.000003
7.644064 0.017519 0.002590 0.000005
7.661584 0.017519 0.002592 0.000006
7.679103 0.017520 0.002594 0.000008
7.696623 0.017520 0.002596 0.000010
7.714143 0.017520 0.002597 0.000011
7.731663 0.017520 0.002599 0.000013
7.749183 0.017520 0.002601 0.000015
7.766703 0.017520 0.002602 0.000016
7.784224 0.017520 0.002604 0.000018
7.801744 0.017521 0.002606 0.000020
7.819265 0.017521 0.002607 0.000021
7.836786 0.017521 0.002609 0.000023
7.854307 0.017521 0.002610 0.000024
7.871829 0.017521 0.002612 0.000026
7.889350 0.017522 0.002613 0.000027
7.906872 0.017522 0.002614 0.000028
7.924394 0.017522 0.002616 0.000030
7.941916 0.017522 0.002617 0.000031
7.959438 0.017522 0.002618 0.000033
7.976961 0.017523 0.002620 0.000034
7.994484 0.017523 0.002621 0.000035
8.012006 0.017523 0.002622 0.000036
8.029530 0.017523 0.002623 0.000038
8.047053 0.017523 0.002625 0.000039
8.064576 0.017524 0.002626 0.000040
8.082100 0.017524 0.002627 0.000041
8.099624 0.017524 0.002628 0.000042
8.117148 0.017524 0.002629 0.000043
8.134672 0.017524 0.002630 0.000044
8.152196 0.017524 0.002631 0.000045
8.169721 0.017524 0.002632 0.000046
8.187245 0.017524 0.002633 0.000047
8.204770 0.017525 0.002634 0.000048
8.222294 0.017525 0.002635 0.000049
8.239819 0.017525 0.002636 0.000050
8.257344 0.017525 0.002636 0.000050
8.274869 0.017525 0.002637 0.000051
8.292394 0.017525 0.002638 0.000052
8.309920 0.017525 0.002639 0.000053
8.327445 0.017525 0.002639 0.000053
8.344967 0.017521 0.002640 0.000054
8.362483 0.017516 0.002641 0.000055
8.379993 0.017511 0.002642 0.000056
8.397498 0.017505 0.002642 0.000057
8.414998 0.017500 0.002643 0.000057
8.432492 0.017494 0.002644 0.000058
8.449981 0.017489 0.002645 0.000059
8.467464 0.017483 0.002646 0.000060
8.484942 0.017478 0.002647 0.000061
8.502414 0.017472 0.002647 0.000062
8.519880 0.017466 0.002648 0.000063
8.537340 0.017460 0.002649 0.000064
8.554794 0.017454 0.002650 0.000065
8.572242 0.017448 0.002652 0.000066
8.589683 0.017442 0.002653 0.000067
8.607119 0.017436 0.002654 0.000068
8.624548 0.017429 0.002655 0.000069
8.641971 0.017423 0.002656 0.000070
8.659387 0.017416 0.002658 0.000072
8.676796 0.017409 0.002659 0.000073
8.694198 0.017402 0.002660 0.000075
8.711594 0.017395 0.002662 0.000076
8.728982 0.017388 0.002663 0.000077
8.746362 0.017381 0.002665 0.000079
8.763735 0.017373 0.002666 0.000081
8.781100 0.017365 0.002668 0.000082
8.798457 0.017357 0.002670 0.000084
8.815806 0.017349 0.002671 0.000085
8.833147 0.017341 0.002673 0.000087
8.850479 0.017332 0.002675 0.000089
8.867802 0.017323 0.002677 0.000091
8.885116 0.017314 0.002678 0.000092
8.902421 0.017305 0.002680 0.000094
8.919717 0.017295 0.002682 0.000096
8.937002 0.017286 0.002684 0.000098
8.954278 0.017276 0.002686 0.000100
8.971543 0.017265 0.002687 0.000102
8.988798 0.017255 0.002689 0.000103
9.006043 0.017244 0.002691 0.000105
9.023276 0.017233 0.002693 0.000107
9.040499 0.017222 0.002695 0.000109
9.057710 0.017211 0.002697 0.000111
9.074909 0.017199 0.002698 0.000113
9.092097 0.017188 0.002700 0.000114
9.109272 0.017176 0.002702 0.000116
9.126436 0.017163 0.002704 0.000118
9.143587 0.017151 0.002705 0.000119
9.160725 0.017139 0.002707 0.000121
9.177851 0.017126 0.002709 0.000123
9.194964 0.017113 0.002710 0.000124
9.212063 0.017100 0.002712 0.000126
9.229150 0.017086 0.002713 0.000127
9.246223 0.017073 0.002715 0.000129
9.263282 0.017059 0.002716 0.000130
9.280328 0.017046 0.002717 0.000131
9.297360 0.017032 0.002718 0.000132
9.314378 0.017018 0.002719 0.000134
9.331382 0.017004 0.002720 0.000135
9.348371 0.016990 0.002721 0.000136
9.365347 0.016976 0.002722 0.000136
9.382308 0.016961 0.002723 0.000137
9.399255 0.016947 0.002724 0.000138
9.416188 0.016933 0.002725 0.000139
9.433106 0.016918 0.002725 0.000139
9.450009 0.016904 0.002726 0.000140
9.466898 0.016889 0.002726 0.000140
9.483773 0.016875 0.002727 0.000141
9.500633 0.016860 0.002727 0.000141
9.517479 0.016846 0.002727 0.000141
9.534310 0.016831 0.002727 0.000141
9.551127 0.016817 0.002727 0.000141
9.567929 0.016802 0.002727 0.000141
9.584717 0.016788 0.002727 0.000141
9.601491 0.016774 0.002726 0.000140
9.618251 0.016760 0.002726 0.000140
9.634997 0.016746 0.002725 0.000139
9.651728 0.016732 0.002724 0.000138
9.668446 0.016718 0.002723 0.000137
9.685150 0.016704 0.002722 0.000136
9.701840 0.016690 0.002721 0.000135
9.718516 0.016676 0.002719 0.000134
9.735179 0.016663 0.002718 0.000132
9.751829 0.016650 0.002716 0.000130
9.768465 0.016636 0.002714 0.000128
9.785088 0.016623 0.002712 0.000126
9.801698 0.016610 0.002710 0.000124
9.818295 0.016597 0.002708 0.000122
9.834879 0.016584 0.002705 0.000119
9.851451 0.016571 0.002703 0.000117
9.868010 0.016559 0.002700 0.000114
9.884556 0.016546 0.002697 0.000111
9.901090 0.016534 0.002694 0.000108
9.917612 0.016522 0.002691 0.000105
9.934122 0.016510 0.002687 0.000101
9.950620 0.016498 0.002684 0.000098
9.967106 0.016486 0.002680 0.000094
9.983581 0.016474 0.002676 0.000090
10.000044 0.016463 0.002671 0.000085
10.016495 0.016451 0.002667 0.000081
10.032935 0.016440 0.002662 0.000077
10.049364 0.016429 0.002658 0.000072
10.065782 0.016418 0.002653 0.000067
10.082188 0.016407 0.002648 0.000062
10.098584 0.016396 0.002643 0.000057
10.114969 0.016385 0.002638 0.000052
10.131344 0.016375 0.002633 0.000047
10.147708 0.016364 0.002628 0.000042
10.164062 0.016354 0.002623 0.000037
10.180405 0.016343 0.002617 0.000031
10.196738 0.016333 0.002612 0.000026
10.213061 0.016323 0.002606 0.000020
10.229374 0.016313 0.002600 0.000014
10.245677 0.016303 0.002595 0.000009
10.261971 0.016293 0.002589 0.000003
10.278255 0.016284 0.002583 -0.000003
10.294529 0.016274 0.002577 -0.000009
10.310793 0.016265 0.002571 -0.000015
10.327049 0.016255 0.002565 -0.000021
10.343294 0.016246 0.002558 -0.000028
10.359531 0.016237 0.002552 -0.000034
10.375759 0.016227 0.002545 -0.000040
10.391977 0.016218 0.002539 -0.000047
10.408186 0.016209 0.002532 -0.000054
10.424387 0.016200 0.002526 -0.000060
10.440578 0.016191 0.002519 -0.000067
10.456761 0.016183 0.002512 -0.000074
10.472935 0.016174 0.002505 -0.000081
10.489100 0.016165 0.002498 -0.000088
10.505256 0.016157 0.002491 -0.000095
10.521405 0.016148 0.002483 -0.000102
10.537544 0.016140 0.002476 -0.000110
10.553675 0.016131 0.002469 -0.000117
10.569798 0.016123 0.002461 -0.000125
10.585913 0.016115 0.002453 -0.000132
10.602019 0.016106 0.002446 -0.000140
10.618117 0.016098 0.002438 -0.000148
10.634207 0.016090 0.002430 -0.000156
10.650289 0.016082 0.002422 -0.000164
10.666363 0.016074 0.002414 -0.000172
10.682429 0.016066 0.002406 -0.000180
10.698487 0.016058 0.002397 -0.000189
10.714538 0.016050 0.002389 -0.000197
10.730580 0.016043 0.002381 -0.000205
10.746616 0.016035 0.002372 -0.000214
10.762643 0.016028 0.002363 -0.000223
10.778663 0.016020 0.002355 -0.000231
10.794676 0.016013 0.002346 -0.000240
10.810682 0.016006 0.002337 -0.000249
10.826680 0.015998 0.002328 -0.000258
10.842671 0.015991 0.002318 -0.000267
10.858655 0.015984 0.002309 -0.000277
10.874632 0.015977 0.002300 -0.000286
10.890602 0.015970 0.002290 -0.000295
10.906565 0.015963 0.002281 -0.000305
10.922521 0.015956 0.002271 -0.000315
10.938470 0.015949 0.002262 -0.000324
10.954413 0.015943 0.002252 -0.000334
10.970349 0.015936 0.002242 -0.000344
10.986279 0.015930 0.002232 -0.000354
11.002202 0.015923 0.002222 -0.000364
11.018120 0.015917 0.002212 -0.000374
11.034031 0.015911 0.002202 -0.000384
11.049935 0.015905 0.002191 -0.000395
11.065834 0.015899 0.002181 -0.000405
11.081727 0.015893 0.002170 -0.000416
11.097615 0.015887 0.002160 -0.000426
11.113496 0.015882 0.002149 -0.000437
11.129372 0.015876 0.002139 -0.000447
11.145242 0.015870 0.002128 -0.000458
11.161107 0.015865 0.002117 -0.000469
11.176967 0.015859 0.002106 -0.000480
11.192821 0.015854 0.002095 -0.000491
11.208669 0.015849 0.002084 -0.000502
11.224513 0.015844 0.002073 -0.000513
11.240351 0.015839 0.002062 -0.000524
11.256185 0.015834 0.002051 -0.000535
11.272014 0.015829 0.002039 -0.000547
11.287838 0.015824 0.002028 -0.000558
11.303657 0.015819 0.002016 -0.000569
11.319472 0.015815 0.002005 -0.000581
11.335282 0.015810 0.001993 -0.000593
11.351088 0.015806 0.001982 -0.000604
11.366890 0.015802 0.001970 -0.000616
11.382687 0.015798 0.001958 -0.000628
11.398481 0.015793 0.001947 -0.000639
11.414270 0.015789 0.001935 -0.000651
11.430056 0.015786 0.001923 -0.000663
11.445837 0.015782 0.001911 -0.000675
11.461616 0.015778 0.001899 -0.000687
11.477390 0.015774 0.001887 -0.000699
11.493161 0.015771 0.001875 -0.000711
11.508929 0.015768 0.001862 -0.000723
11.524693 0.015764 0.001850 -0.000736
11.540454 0.015761 0.001838 -0.000748
11.556212 0.015758 0.001826 -0.000760
11.571967 0.015755 0.001813 -0.000772
11.587720 0.015752 0.001801 -0.000785
11.603469 0.015750 0.001789 -0.000797
11.619216 0.015747 0.001776 -0.000810
11.634960 0.015744 0.001764 -0.000822
11.650702 0.015742 0.001751 -0.000834
11.666442 0.015739 0.001739 -0.000847
11.682179 0.015737 0.001726 -0.000859
11.697913 0.015735 0.001714 -0.000872
11.713646 0.015732 0.001701 -0.000885
11.729376 0.015730 0.001689 -0.000897
11.745104 0.015728 0.001676 -0.000910
11.760830 0.015726 0.001664 -0.000922
11.776553 0.015724 0.001651 -0.000935
11.792275 0.015721 0.001639 -0.000947
11.807994 0.015719 0.001626 -0.000960
11.823711 0.015717 0.001613 -0.000973
11.839427 0.015715 0.001601 -0.000985
11.855140 0.015714 0.001588 -0.000998
11.870852 0.015712 0.001576 -0.001010
11.886562 0.015710 0.001563 -0.001023
11.902270 0.015708 0.001551 -0.001035
11.917977 0.015707 0.001538 -0.001047
11.933682 0.015705 0.001526 -0.001060
11.949386 0.015704 0.001514 -0.001072
11.965088 0.015702 0.001501 -0.001085
11.980789 0.015701 0.001489 -0.001097
11.996488 0.015700 0.001476 -0.001110
12.012186 0.015698 0.001464 -0.001122
12.027883 0.015697 0.001451 -0.001135
12.043580 0.015696 0.001439 -0.001147
12.059275 0.015695 0.001427 -0.001159
12.074969 0.015694 0.001414 -0.001172
12.090662 0.015693 0.001402 -0.001184
12.106355 0.015693 0.001390 -0.001196
12.122047 0.015692 0.001378 -0.001208
12.137738 0.015691 0.001365 -0.001221
12.153429 0.015691 0.001353 -0.001233
12.169119 0.015690 0.001341 -0.001245
12.184809 0.015690 0.001329 -0.001257
12.200499 0.015690 0.001317 -0.001269
12.216188 0.015689 0.001305 -0.001281
12.231878 0.015689 0.001293 -0.001293
12.247567 0.015689 0.001281 -0.001305
12.263256 0.015689 0.001269 -0.001317
12.278946 0.015689 0.001257 -0.001329
12.294635 0.015690 0.001245 -0.001341
12.310325 0.015690 0.001233 -0.001353
12.326016 0.015690 0.001221 -0.001365
12.341706 0.015691 0.001209 -0.001377
12.357398 0.015691 0.001198 -0.001388
12.373090 0.015692 0.001186 -0.001400
12.388783 0.015693 0.001174 -0.001412
12.404477 0.015694 0.001163 -0.001423
12.420171 0.015695 0.001151 -0.001435
12.435867 0.015696 0.001140 -0.001446
12.451564 0.015697 0.001128 -0.001458
12.467262 0.015698 0.001117 -0.001469
12.482962 0.015700 0.001105 -0.001481
12.498663 0.015701 0.001094 -0.001492
12.514366 0.015703 0.001082 -0.001504
12.530071 0.015705 0.001071 -0.001515
12.545778 0.015707 0.001059 -0.001527
12.561487 0.015709 0.001048 -0.001538
12.577197 0.015711 0.001037 -0.001549
12.592911 0.015713 0.001025 -0.001560
12.608626 0.015716 0.001014 -0.001572
12.624344 0.015718 0.001003 -0.001583
12.640065 0.015721 0.000992 -0.001594
12.655788 0.015723 0.000981 -0.001605
12.671515 0.015726 0.000970 -0.001616
12.687244 0.015729 0.000959 -0.001627
12.702976 0.015732 0.000948 -0.001638
12.718712 0.015735 0.000938 -0.001648
12.734451 0.015739 0.000927 -0.001659
12.750193 0.015742 0.000917 -0.001669
12.765939 0.015746 0.000906 -0.001680
12.781688 0.015749 0.000896 -0.001690
12.797441 0.015753 0.000886 -0.001700
12.813198 0.015757 0.000876 -0.001710
12.828959 0.015761 0.000867 -0.001719
12.844724 0.015765 0.000857 -0.001729
12.860493 0.015769 0.000847 -0.001738
12.876267 0.015774 0.000838 -0.001748
12.892045 0.015778 0.000829 -0.001757
12.907828 0.015783 0.000819 -0.001766
12.923615 0.015787 0.000810 -0.001776
12.939407 0.015792 0.000801 -0.001785
12.955203 0.015797 0.000792 -0.001793
12.971005 0.015802 0.000784 -0.001802
12.986812 0.015807 0.000775 -0.001811
13.002623 0.015812 0.000766 -0.001819
13.018440 0.015817 0.000758 -0.001828
13.034263 0.015822 0.000750 -0.001836
13.050090 0.015828 0.000742 -0.001844
13.065923 0.015833 0.000733 -0.001853
13.081762 0.015839 0.000725 -0.001860
13.097607 0.015844 0.000718 -0.001868
13.113457 0.015850 0.000710 -0.001876
13.129313 0.015856 0.000702 -0.001884
13.145174 0.015862 0.000695 -0.001891
13.161042 0.015868 0.000687 -0.001899
13.176916 0.015874 0.000680 -0.001906
13.192796 0.015880 0.000673 -0.001913
13.208682 0.015886 0.000666 -0.001920
13.224575 0.015892 0.000659 -0.001927
13.240473 0.015898 0.000652 -0.001934
13.256378 0.015905 0.000646 -0.001940
13.272289 0.015911 0.000639 -0.001947
13.288206 0.015917 0.000633 -0.001953
13.304129 0.015923 0.000626 -0.001960
13.320059 0.015930 0.000620 -0.001966
13.335995 0.015936 0.000614 -0.001972
13.351937 0.015942 0.000608 -0.001978
13.367886 0.015949 0.000602 -0.001984
13.383842 0.015955 0.000596 -0.001990
13.399804 0.015962 0.000590 -0.001996
13.415772 0.015969 0.000584 -0.002002
13.431748 0.015975 0.000579 -0.002007
13.447730 0.015982 0.000573 -0.002013
13.463719 0.015989 0.000568 -0.002018
13.479714 0.015996 0.000562 -0.002024
13.495716 0.016002 0.000557 -0.002029
13.511726 0.016009 0.000552 -0.002034
13.527742 0.016016 0.000547 -0.002039
13.543765 0.016023 0.000542 -0.002044
13.559795 0.016030 0.000537 -0.002049
13.575832 0.016037 0.000532 -0.002054
13.591876 0.016044 0.000527 -0.002059
13.607927 0.016051 0.000522 -0.002064
13.623985 0.016058 0.000518 -0.002068
13.640050 0.016065 0.000513 -0.002073
13.656123 0.016072 0.000508 -0.002077
13.672202 0.016080 0.000504 -0.002082
13.688289 0.016087 0.000500 -0.002086
13.704383 0.016094 0.000495 -0.002091
13.720484 0.016101 0.000491 -0.002095
13.736593 0.016109 0.000487 -0.002099
13.752709 0.016116 0.000483 -0.002103
13.768832 0.016123 0.000479 -0.002107
13.784962 0.016131 0.000475 -0.002111
13.801100 0.016138 0.000471 -0.002115
13.817246 0.016145 0.000467 -0.002119
13.833398 0.016153 0.000463 -0.002123
13.849559 0.016160 0.000459 -0.002127
13.865727 0.016168 0.000455 -0.002131
13.881902 0.016175 0.000452 -0.002134
13.898085 0.016183 0.000448 -0.002138
13.914276 0.016191 0.000444 -0.002142
13.930474 0.016198 0.000441 -0.002145
13.946681 0.016206 0.000437 -0.002149
13.962895 0.016214 0.000434 -0.002152
13.979117 0.016222 0.000431 -0.002155
13.995346 0.016230 0.000427 -0.002159
14.011584 0.016238 0.000424 -0.002162
14.027830 0.016246 0.000421 -0.002165
14.044084 0.016254 0.000417 -0.002168
14.060346 0.016262 0.000414 -0.002172
14.076616 0.016270 0.000411 -0.002175
14.092895 0.016278 0.000408 -0.002178
14.109182 0.016287 0.000405 -0.002181
14.125477 0.016295 0.000402 -0.002184
14.141780 0.016304 0.000399 -0.002187
14.158093 0.016312 0.000396 -0.002189
14.174413 0.016321 0.000394 -0.002192
14.190743 0.016330 0.000391 -0.002195
14.207081 0.016338 0.000388 -0.002198
14.223428 0.016347 0.000385 -0.002200
14.239784 0.016356 0.000383 -0.002203
14.256149 0.016365 0.000380 -0.002206
14.272523 0.016374 0.000377 -0.002208
14.288907 0.016383 0.000375 -0.002211
14.305299 0.016392 0.000372 -0.002214
14.321701 0.016402 0.000370 -0.002216
14.338112 0.016411 0.000367 -0.002219
14.354532 0.016421 0.000365 -0.002221
14.370963 0.016430 0.000362 -0.002224
14.387402 0.016440 0.000360 -0.002226
14.403852 0.016450 0.000357 -0.002229
14.420312 0.016459 0.000355 -0.002231
14.436781 0.016469 0.000352 -0.002234
14.453260 0.016480 0.000350 -0.002236
14.469750 0.016490 0.000347 -0.002239
14.486250 0.016500 0.000345 -0.002241
14.502760 0.016510 0.000343 -0.002243
14.519281 0.016521 0.000340 -0.002246
14.535812 0.016531 0.000338 -0.002248
14.552354 0.016542 0.000336 -0.002250
14.568907 0.016553 0.000333 -0.002253
14.585471 0.016564 0.000331 -0.002255
14.602045 0.016574 0.000328 -0.002258
14.618631 0.016585 0.000326 -0.002260
14.635227 0.016597 0.000324 -0.002262
14.651835 0.016608 0.000321 -0.002265
14.668454 0.016619 0.000319 -0.002267
14.685084 0.016630 0.000317 -0.002269
14.701726 0.016642 0.000315 -0.002271
14.718379 0.016653 0.000313 -0.002272
14.735044 0.016665 0.000314 -0.002272
14.751720 0.016676 0.000316 -0.002270
14.768408 0.016688 0.000322 -0.002264
14.785107 0.016699 0.000337 -0.002249
14.801818 0.016711 0.000366 -0.002220
14.818541 0.016723 0.000416 -0.002170
14.835276 0.016735 0.000496 -0.002090
14.852022 0.016747 0.000617 -0.001969
14.868781 0.016758 0.000795 -0.001791
14.885551 0.016770 0.001051 -0.001535
14.902333 0.016782 0.001392 -0.001194
14.919127 0.016794 0.001809 -0.000777
14.935934 0.016806 0.002296 -0.000290
14.952752 0.016818 0.002849 0.000263
14.969582 0.016830 0.003452 0.000866
14.986424 0.016842 0.004092 0.001506
15.003279 0.016855 0.004749 0.002163
15.020146 0.016867 0.005412 0.002826
15.037024 0.016879 0.006072 0.003486
15.053915 0.016891 0.006719 0.004133
15.070819 0.016903 0.007343 0.004757
15.087734 0.016916 0.007939 0.005353
15.104662 0.016928 0.008502 0.005917
15.121603 0.016940 0.009043 0.006457
15.138556 0.016953 0.009557 0.006971
15.155521 0.016965 0.010043 0.007457
15.172498 0.016978 0.010498 0.007912
15.189488 0.016990 0.010921 0.008335
15.206491 0.017003 0.011308 0.008722
15.223506 0.017015 0.011656 0.009070
15.240534 0.017028 0.011971 0.009385
15.257574 0.017040 0.012257 0.009671
15.274627 0.017053 0.012517 0.009931
15.291693 0.017066 0.012755 0.010169
15.308771 0.017078 0.012976 0.010391
15.325863 0.017091 0.013183 0.010597
15.342967 0.017104 0.013378 0.010792
15.360083 0.017117 0.013563 0.010977
15.377213 0.017130 0.013741 0.011155
15.394355 0.017142 0.013913 0.011328
15.411502 0.017146 0.014081 0.011495
15.428646 0.017145 0.014245 0.011659
15.445789 0.017143 0.014406 0.011820
15.462930 0.017141 0.014566 0.011980
15.480070 0.017140 0.014723 0.012137
15.497208 0.017138 0.014878 0.012292
15.514344 0.017136 0.015033 0.012447
15.531478 0.017134 0.015185 0.012599
15.548611 0.017133 0.015334 0.012748
15.565742 0.017131 0.015479 0.012893
15.582871 0.017129 0.015619 0.013033
15.599999 0.017128 0.015754 0.013168
15.617124 0.017126 0.015882 0.013297
15.634249 0.017124 0.016004 0.013418
15.651371 0.017122 0.016120 0.013534
15.668492 0.017121 0.016228 0.013642
15.685611 0.017119 0.016331 0.013745
15.702728 0.017117 0.016428 0.013842
15.719843 0.017116 0.016519 0.013933
15.736957 0.017114 0.016605 0.014019
15.754069 0.017112 0.016685 0.014099
15.771179 0.017110 0.016761 0.014175
15.788288 0.017109 0.016832 0.014246
15.805395 0.017107 0.016900 0.014314
15.822500 0.017105 0.016964 0.014378
15.839604 0.017104 0.017026 0.014440
15.856706 0.017102 0.017085 0.014499
15.873806 0.017100 0.017142 0.014556
15.890904 0.017098 0.017198 0.014612
15.908000 0.017096 0.017254 0.014668
15.925094 0.017094 0.017309 0.014723
15.942187 0.017092 0.017364 0.014778
15.959277 0.017090 0.017421 0.014835
15.976365 0.017088 0.017478 0.014892
15.993452 0.017086 0.017536 0.014950
16.010536 0.017084 0.017593 0.015008
16.027618 0.017082 0.017650 0.015064
16.044698 0.017080 0.017704 0.015119
16.061776 0.017078 0.017758 0.015172
16.078851 0.017076 0.017810 0.015224
16.095925 0.017074 0.017861 0.015275
16.112997 0.017072 0.017910 0.015324
16.130066 0.017070 0.017959 0.015373
16.147134 0.017068 0.018007 0.015421
16.164199 0.017066 0.018054 0.015468
16.181263 0.017064 0.018102 0.015516
16.198324 0.017062 0.018150 0.015564
16.215384 0.017060 0.018201 0.015615
16.232442 0.017058 0.018253 0.015667
16.249498 0.017056 0.018306 0.015720
16.266553 0.017054 0.018360 0.015774
16.283606 0.017053 0.018414 0.015828
16.300657 0.017051 0.018468 0.015882
16.317706 0.017050 0.018523 0.015937
16.334754 0.017048 0.018578 0.015992
16.351801 0.017046 0.018634 0.016048
16.368846 0.017045 0.018690 0.016104
16.385889 0.017043 0.018748 0.016163
16.402931 0.017042 0.018811 0.016226
16.419972 0.017041 0.018880 0.016294
16.437011 0.017039 0.018955 0.016370
16.454049 0.017038 0.019040 0.016454
16.471086 0.017037 0.019129 0.016544
16.488121 0.017035 0.019213 0.016627
16.505155 0.017034 0.019291 0.016706
16.522187 0.017032 0.019368 0.016782
16.539217 0.017030 0.019443 0.016857
16.556245 0.017028 0.019519 0.016933
16.573271 0.017026 0.019596 0.017010
16.590295 0.017024 0.019676 0.017090
16.607317 0.017022 0.019758 0.017172
16.624336 0.017020 0.019843 0.017257
16.641354 0.017018 0.019930 0.017344
16.658369 0.017015 0.020027 0.017441
16.675383 0.017013 0.020132 0.017546
16.692394 0.017012 0.020255 0.017669
16.709404 0.017010 0.020402 0.017816
16.726412 0.017008 0.020579 0.017993
16.743418 0.017006 0.020790 0.018204
16.760422 0.017004 0.021060 0.018474
16.777424 0.017002 0.021408 0.018822
16.794425 0.017001 0.021895 0.019309
16.811424 0.016999 0.022533 0.019947
16.828422 0.016998 0.023348 0.020762
16.845418 0.016996 0.024352 0.021766
16.862413 0.016995 0.025550 0.022964
16.879407 0.016994 0.026931 0.024345
16.896399 0.016992 0.028441 0.025855
16.913390 0.016991 0.030069 0.027483
16.930381 0.016990 0.031757 0.029171
16.947370 0.016989 0.033422 0.030836
16.964358 0.016988 0.034958 0.032372
16.981345 0.016987 0.036332 0.033746
16.998332 0.016986 0.037507 0.034921
17.015317 0.016986 0.038491 0.035905
17.032301 0.016984 0.039299 0.036713
17.049283 0.016982 0.039963 0.037377
17.066263 0.016980 0.040430 0.037844
17.083241 0.016978 0.040774 0.038189
17.100218 0.016976 0.041062 0.038476
17.117192 0.016975 0.041251 0.038665
17.134165 0.016973 0.041354 0.038768
17.151137 0.016971 0.041392 0.038806
17.168107 0.016970 0.041381 0.038796
17.185075 0.016969 0.041338 0.038752
17.202043 0.016967 0.041256 0.038670
17.219009 0.016966 0.041105 0.038520
17.235974 0.016965 0.040906 0.038320
17.252938 0.016964 0.040688 0.038102
17.269901 0.016963 0.040468 0.037882
17.286864 0.016962 0.040260 0.037674
17.303826 0.016962 0.040052 0.037466
17.320787 0.016961 0.039853 0.037268
17.337748 0.016961 0.039668 0.037082
17.354708 0.016961 0.039499 0.036913
17.371669 0.016960 0.039335 0.036749
17.388629 0.016960 0.039164 0.036578
17.405589 0.016960 0.038984 0.036398
17.422549 0.016960 0.038802 0.036216
17.439510 0.016960 0.038622 0.036036
17.456471 0.016961 0.038441 0.035856
17.473432 0.016961 0.038270 0.035684
17.490393 0.016962 0.038111 0.035525
17.507356 0.016962 0.037964 0.035378
17.524319 0.016963 0.037823 0.035237
17.541283 0.016964 0.037687 0.035101
17.558248 0.016965 0.037556 0.034970
17.575213 0.016966 0.037426 0.034840
17.592180 0.016967 0.037297 0.034711
17.609148 0.016968 0.037171 0.034585
17.626117 0.016969 0.037048 0.034462
17.643088 0.016970 0.036929 0.034343
17.660059 0.016972 0.036815 0.034229
17.677032 0.016973 0.036705 0.034119
17.694007 0.016974 0.036597 0.034011
17.710983 0.016976 0.036493 0.033907
17.727960 0.016977 0.036391 0.033805
17.744939 0.016979 0.036291 0.033705
17.761919 0.016980 0.036193 0.033607
17.778901 0.016982 0.036096 0.033510
17.795884 0.016983 0.036002 0.033416
17.812869 0.016985 0.035908 0.033323
17.829855 0.016986 0.035817 0.033231
17.846842 0.016988 0.035728 0.033142
17.863831 0.016989 0.035639 0.033053
17.880822 0.016990 0.035550 0.032964
17.897814 0.016992 0.035460 0.032874
17.914807 0.016993 0.035370 0.032784
17.931802 0.016995 0.035284 0.032698
17.948799 0.016997 0.035200 0.032614
17.965797 0.016998 0.035116 0.032530
17.982797 0.017000 0.035031 0.032445
17.999799 0.017002 0.034944 0.032358
18.016802 0.017003 0.034854 0.032268
18.033807 0.017005 0.034761 0.032175
18.050814 0.017007 0.034664 0.032078
18.067821 0.017007 0.034564 0.031978
18.084828 0.017008 0.034460 0.031874
18.101836 0.017008 0.034352 0.031766
18.118845 0.017009 0.034239 0.031653
18.135854 0.017009 0.034123 0.031537
18.152864 0.017010 0.034001 0.031416
18.169875 0.017011 0.033876 0.031290
18.186887 0.017012 0.033747 0.031161
18.203899 0.017013 0.033615 0.031029
18.220913 0.017014 0.033481 0.030895
18.237928 0.017015 0.033346 0.030760
18.254944 0.017016 0.033209 0.030623
18.271961 0.017017 0.033072 0.030486
18.288979 0.017018 0.032935 0.030349
18.305999 0.017020 0.032798 0.030212
18.323021 0.017021 0.032661 0.030075
18.340044 0.017023 0.032524 0.029938
18.357068 0.017025 0.032386 0.029800
18.374095 0.017026 0.032248 0.029662
18.391123 0.017028 0.032108 0.029522
18.408153 0.017030 0.031969 0.029383
18.425186 0.017032 0.031829 0.029243
18.442220 0.017034 0.031687 0.029102
18.459256 0.017036 0.031545 0.028959
18.476295 0.017039 0.031401 0.028816
18.493336 0.017041 0.031257 0.028671
18.510379 0.017043 0.031110 0.028524
18.527424 0.017045 0.030963 0.028377
18.544472 0.017048 0.030814 0.028228
18.561523 0.017050 0.030664 0.028078
18.578575 0.017053 0.030513 0.027927
18.595631 0.017055 0.030361 0.027775
18.612689 0.017058 0.030209 0.027623
18.629749 0.017060 0.030056 0.027470
18.646812 0.017063 0.029903 0.027318
18.663878 0.017066 0.029751 0.027165
18.680947 0.017068 0.029599 0.027013
18.698018 0.017071 0.029451 0.026865
18.715092 0.017074 0.029310 0.026724
18.732168 0.017077 0.029177 0.026591
18.749248 0.017080 0.029052 0.026466
18.766331 0.017082 0.028935 0.026349
18.783416 0.017085 0.028830 0.026244
18.800504 0.017088 0.028738 0.026152
18.817596 0.017091 0.028663 0.026077
18.834690 0.017094 0.028615 0.026030
18.851788 0.017097 0.028597 0.026012
18.868888 0.017100 0.028603 0.026017
18.885992 0.017103 0.028627 0.026042
18.903098 0.017106 0.028679 0.026093
18.920208 0.017110 0.028769 0.026183
18.937320 0.017113 0.028903 0.026317
18.954436 0.017116 0.029079 0.026493
18.971555 0.017119 0.029317 0.026731
18.988677 0.017122 0.029604 0.027018
19.005803 0.017125 0.029922 0.027336
19.022931 0.017129 0.030252 0.027666
19.040063 0.017132 0.030585 0.027999
19.057198 0.017135 0.030913 0.028327
19.074337 0.017138 0.031213 0.028627
19.091478 0.017142 0.031479 0.028893
19.108623 0.017145 0.031708 0.029122
19.125771 0.017148 0.031892 0.029306
19.142923 0.017152 0.032034 0.029448
19.160078 0.017155 0.032129 0.029543
19.177236 0.017158 0.032186 0.029600
19.194397 0.017161 0.032213 0.029627
19.211562 0.017165 0.032216 0.029630
19.228730 0.017168 0.032202 0.029616
19.245902 0.017172 0.032171 0.029585
19.263077 0.017175 0.032123 0.029537
19.280255 0.017178 0.032060 0.029474
19.297435 0.017181 0.031981 0.029395
19.314619 0.017183 0.031885 0.029299
19.331805 0.017186 0.031735 0.029149
19.348994 0.017189 0.031545 0.028959
19.366186 0.017192 0.031329 0.028743
19.383380 0.017195 0.031096 0.028510
19.400578 0.017198 0.030852 0.028266
19.417779 0.017201 0.030601 0.028015
19.434982 0.017204 0.030348 0.027762
19.452189 0.017207 0.030095 0.027509
19.469399 0.017210 0.029843 0.027257
19.486611 0.017213 0.029598 0.027012
19.503827 0.017216 0.029360 0.026774
19.521047 0.017219 0.029130 0.026544
19.538269 0.017222 0.028906 0.026320
19.555495 0.017226 0.028690 0.026104
19.572724 0.017229 0.028483 0.025897
19.589956 0.017232 0.028283 0.025697
19.607192 0.017236 0.028088 0.025502
19.624432 0.017239 0.027898 0.025312
19.641675 0.017243 0.027710 0.025125
19.658921 0.017247 0.027523 0.024937
19.676171 0.017250 0.027337 0.024751
19.693425 0.017254 0.027153 0.024568
19.710683 0.017258 0.026971 0.024385
19.727944 0.017262 0.026792 0.024206
19.745210 0.017266 0.026616 0.024030
19.762479 0.017269 0.026441 0.023855
19.779752 0.017273 0.026269 0.023683
19.797029 0.017277 0.026100 0.023514
19.814310 0.017281 0.025935 0.023349
19.831594 0.017285 0.025772 0.023187
19.848883 0.017289 0.025613 0.023027
19.866175 0.017293 0.025457 0.022871
19.883472 0.017297 0.025303 0.022717
19.900773 0.017301 0.025152 0.022567
19.918078 0.017305 0.025004 0.022418
19.935387 0.017309 0.024859 0.022273
19.952700 0.017313 0.024716 0.022130
19.970018 0.017317 0.024576 0.021991
19.987339 0.017322 0.024439 0.021853
20.004665 0.017326 0.024304 0.021718
20.021995 0.017330 0.024170 0.021584
20.039330 0.017334 0.024037 0.021451
20.056653 0.017323 0.023904 0.021319
20.073959 0.017306 0.023772 0.021186
20.091260 0.017301 0.023639 0.021053
20.108549 0.017290 0.023505 0.020919
20.125816 0.017267 0.023370 0.020784
20.143061 0.017245 0.023234 0.020648
20.160291 0.017230 0.023097 0.020511
20.177509 0.017218 0.022958 0.020372
20.194712 0.017203 0.022816 0.020230
20.211888 0.017176 0.022673 0.020087
20.229038 0.017151 0.022529 0.019943
20.246172 0.017134 0.022382 0.019796
20.263297 0.017125 0.022235 0.019649
20.280393 0.017095 0.022086 0.019500
20.297456 0.017064 0.021937 0.019351
20.314499 0.017042 0.021787 0.019201
20.331528 0.017029 0.021637 0.019051
20.348534 0.017006 0.021487 0.018901
20.365506 0.016972 0.021338 0.018752
20.382453 0.016947 0.021190 0.018604
20.399384 0.016931 0.021043 0.018457
20.416295 0.016911 0.020898 0.018312
20.433173 0.016878 0.020755 0.018169
20.450025 0.016852 0.020614 0.018028
20.466861 0.016836 0.020474 0.017889
20.483683 0.016822 0.020338 0.017752
20.500479 0.016796 0.020205 0.017619
20.517256 0.016777 0.020075 0.017489
20.534017 0.016762 0.019950 0.017364
20.550769 0.016752 0.019829 0.017243
20.567497 0.016728 0.019714 0.017128
20.584206 0.016708 0.019604 0.017018
20.600900 0.016694 0.019501 0.016915
20.617589 0.016689 0.019405 0.016819
20.634258 0.016669 0.019316 0.016730
20.650906 0.016649 0.019234 0.016648
20.667542 0.016635 0.019160 0.016574
20.684178 0.016636 0.019093 0.016507
20.700796 0.016618 0.019034 0.016449
20.717394 0.016598 0.018983 0.016397
20.733980 0.016586 0.018940 0.016354
20.750569 0.016589 0.018905 0.016319
20.767142 0.016573 0.018873 0.016287
20.783697 0.016554 0.018846 0.016260
20.800241 0.016545 0.018823 0.016237
20.816787 0.016546 0.018805 0.016219
20.833319 0.016532 0.018794 0.016208
20.849834 0.016514 0.018788 0.016202
20.866339 0.016506 0.018789 0.016203
20.882846 0.016507 0.018795 0.016209
20.899339 0.016493 0.018807 0.016221
20.915815 0.016476 0.018826 0.016240
20.932283 0.016468 0.018850 0.016264
20.948749 0.016466 0.018878 0.016292
20.965203 0.016455 0.018908 0.016322
20.981645 0.016441 0.018938 0.016352
20.998079 0.016434 0.018967 0.016381
21.014506 0.016428 0.018993 0.016407
21.030912 0.016405 0.019015 0.016429
21.047297 0.016386 0.019032 0.016446
21.063682 0.016385 0.019045 0.016460
21.080088 0.016406 0.019057 0.016471
21.096485 0.016397 0.019069 0.016483
21.112869 0.016384 0.019084 0.016498
21.129246 0.016377 0.019099 0.016514
21.145615 0.016369 0.019116 0.016531
21.161989 0.016373 0.019133 0.016547
21.178336 0.016347 0.019148 0.016563
21.194663 0.016327 0.019161 0.016575
21.210964 0.016300 0.019167 0.016581
21.227240 0.016277 0.019169 0.016583
21.243515 0.016274 0.019165 0.016579
21.259774 0.016260 0.019156 0.016570
21.276030 0.016256 0.019143 0.016557
21.292293 0.016263 0.019128 0.016542
21.308536 0.016243 0.019111 0.016525
21.324769 0.016233 0.019091 0.016505
21.340989 0.016219 0.019070 0.016484
21.357177 0.016188 0.019047 0.016461
21.373357 0.016180 0.019023 0.016437
21.389543 0.016186 0.018998 0.016412
21.405722 0.016180 0.018972 0.016386
21.421865 0.016143 0.018946 0.016360
21.437991 0.016126 0.018920 0.016334
21.454126 0.016135 0.018894 0.016308
21.470249 0.016123 0.018869 0.016283
21.486336 0.016086 0.018844 0.016258
21.502410 0.016074 0.018820 0.016234
21.518488 0.016079 0.018796 0.016210
21.534558 0.016070 0.018772 0.016186
21.550587 0.016029 0.018749 0.016163
21.566604 0.016017 0.018724 0.016138
21.582626 0.016022 0.018698 0.016112
21.598636 0.016009 0.018671 0.016085
21.614606 0.015970 0.018642 0.016056
21.630561 0.015956 0.018610 0.016024
21.646515 0.015953 0.018575 0.015989
21.662445 0.015931 0.018536 0.015950
21.678333 0.015888 0.018494 0.015908
21.694212 0.015878 0.018447 0.015861
21.710086 0.015875 0.018395 0.015809
21.725936 0.015850 0.018338 0.015752
21.741745 0.015809 0.018277 0.015691
21.757551 0.015806 0.018211 0.015625
21.773352 0.015802 0.018140 0.015554
21.789127 0.015775 0.018064 0.015478
21.804865 0.015738 0.017984 0.015398
21.820604 0.015738 0.017900 0.015314
21.836339 0.015735 0.017811 0.015225
21.852045 0.015706 0.017719 0.015133
21.867727 0.015682 0.017623 0.015037
21.883407 0.015680 0.017523 0.014937
21.899085 0.015678 0.017421 0.014835
21.914732 0.015648 0.017317 0.014731
21.930367 0.015635 0.017212 0.014626
21.946003 0.015636 0.017105 0.014519
21.961639 0.015636 0.016997 0.014411
21.977254 0.015615 0.016889 0.014304
21.992859 0.015605 0.016781 0.014195
22.008467 0.015608 0.016673 0.014087
22.024078 0.015611 0.016564 0.013978
22.039677 0.015598 0.016456 0.013870
22.055272 0.015595 0.016348 0.013762
22.070868 0.015596 0.016240 0.013654
22.086477 0.015609 0.016133 0.013547
22.102071 0.015594 0.016026 0.013440
22.117671 0.015599 0.015920 0.013334
22.133272 0.015601 0.015814 0.013228
22.148883 0.015611 0.015709 0.013123
22.164485 0.015602 0.015604 0.013018
22.180094 0.015609 0.015500 0.012914
22.195712 0.015618 0.015397 0.012811
22.211331 0.015619 0.015294 0.012708
22.226942 0.015611 0.015191 0.012605
22.242565 0.015623 0.015089 0.012503
22.258197 0.015632 0.014987 0.012401
22.273816 0.015619 0.014886 0.012300
22.289431 0.015616 0.014786 0.012200
22.305029 0.015597 0.014686 0.012101
22.320602 0.015573 0.014588 0.012002
22.336120 0.015518 0.014490 0.011905
22.351607 0.015487 0.014394 0.011808
22.367080 0.015473 0.014298 0.011712
22.382541 0.015461 0.014203 0.011617
22.397959 0.015419 0.014108 0.011522
22.413359 0.015400 0.014015 0.011429
22.428749 0.015389 0.013922 0.011336
22.444134 0.015385 0.013829 0.011243
22.459491 0.015357 0.013737 0.011151
22.474847 0.015356 0.013646 0.011060
22.490217 0.015370 0.013555 0.010969
22.505572 0.015355 0.013465 0.010879
22.520886 0.015314 0.013375 0.010790
22.536120 0.015233 0.013287 0.010701
22.551282 0.015163 0.013199 0.010614
22.566387 0.015104 0.013113 0.010527
22.581436 0.015049 0.013027 0.010441
22.596414 0.014978 0.012942 0.010356
22.611347 0.014932 0.012858 0.010272
22.626253 0.014907 0.012775 0.010189
22.641148 0.014895 0.012692 0.010106
22.656052 0.014905 0.012610 0.010024
22.670982 0.014930 0.012528 0.009942
22.685947 0.014965 0.012447 0.009861
22.700960 0.015012 0.012365 0.009780
22.716016 0.015056 0.012284 0.009699
22.731115 0.015100 0.012204 0.009618
22.746246 0.015131 0.012123 0.009537
22.761411 0.015164 0.012043 0.009457
22.776609 0.015199 0.011963 0.009377
22.791845 0.015236 0.011883 0.009297
22.807117 0.015271 0.011803 0.009217
22.822429 0.015313 0.011724 0.009138
22.837780 0.015351 0.011644 0.009058
22.853172 0.015392 0.011565 0.008979
22.868604 0.015432 0.011486 0.008900
22.884077 0.015473 0.011406 0.008820
22.899590 0.015512 0.011327 0.008741
22.915134 0.015544 0.011248 0.008662
22.930705 0.015572 0.011169 0.008583
22.946306 0.015600 0.011091 0.008505
22.961930 0.015624 0.011012 0.008426
22.977575 0.015645 0.010934 0.008348
22.993244 0.015669 0.010856 0.008270
23.008934 0.015690 0.010778 0.008192
23.024645 0.015711 0.010700 0.008114
23.040377 0.015732 0.010622 0.008037
23.056127 0.015751 0.010545 0.007959
23.071897 0.015769 0.010468 0.007882
23.087683 0.015786 0.010391 0.007805
23.103488 0.015805 0.010315 0.007729
23.119305 0.015817 0.010238 0.007652
23.135134 0.015829 0.010162 0.007577
23.150975 0.015841 0.010087 0.007501
23.166826 0.015851 0.010012 0.007426
23.182689 0.015863 0.009937 0.007351
23.198564 0.015875 0.009863 0.007277
23.214452 0.015888 0.009789 0.007203
23.230352 0.015901 0.009716 0.007130
23.246266 0.015914 0.009643 0.007057
23.262196 0.015930 0.009570 0.006984
23.278139 0.015944 0.009498 0.006912
23.294098 0.015959 0.009427 0.006841
23.310075 0.015977 0.009356 0.006770
23.326067 0.015992 0.009285 0.006699
23.342076 0.016009 0.009214 0.006628
23.358101 0.016025 0.009144 0.006558
23.374141 0.016040 0.009075 0.006489
23.390196 0.016056 0.009005 0.006419
23.406266 0.016070 0.008936 0.006350
23.422350 0.016084 0.008868 0.006282
23.438449 0.016099 0.008800 0.006214
23.454561 0.016112 0.008732 0.006146
23.470687 0.016126 0.008665 0.006079
23.486827 0.016140 0.008598 0.006012
23.502981 0.016153 0.008531 0.005945
23.519147 0.016167 0.008465 0.005879
23.535326 0.016179 0.008399 0.005813
23.551518 0.016192 0.008333 0.005747
23.567722 0.016204 0.008268 0.005682
23.583938 0.016216 0.008203 0.005617
23.600166 0.016228 0.008138 0.005553
23.616405 0.016240 0.008074 0.005489
23.632657 0.016252 0.008011 0.005425
23.648922 0.016264 0.007948 0.005362
23.665198 0.016276 0.007885 0.005299
23.681486 0.016288 0.007823 0.005237
23.697787 0.016301 0.007761 0.005175
23.714100 0.016313 0.007700 0.005114
23.730424 0.016325 0.007639 0.005053
23.746761 0.016337 0.007578 0.004992
23.763111 0.016349 0.007518 0.004932
23.779471 0.016361 0.007458 0.004873
23.795844 0.016373 0.007399 0.004813
23.812229 0.016384 0.007341 0.004755
23.828624 0.016396 0.007282 0.004696
23.845031 0.016407 0.007224 0.004639
23.861448 0.016418 0.007167 0.004581
23.877877 0.016429 0.007110 0.004524
23.894317 0.016440 0.007054 0.004468
23.910770 0.016453 0.006997 0.004411
23.927235 0.016465 0.006942 0.004356
23.943711 0.016476 0.006886 0.004300
23.960200 0.016489 0.006831 0.004245
23.976697 0.016497 0.006777 0.004191
23.993199 0.016503 0.006723 0.004137
24.009708 0.016508 0.006669 0.004083
24.026222 0.016514 0.006616 0.004030
24.042743 0.016521 0.006563 0.003977
24.059270 0.016527 0.006510 0.003924
24.075803 0.016533 0.006458 0.003872
24.092343 0.016540 0.006407 0.003821
24.108889 0.016546 0.006355 0.003770
24.125440 0.016552 0.006305 0.003719
24.141980 0.016540 0.006255 0.003669
24.158509 0.016529 0.006205 0.003619
24.175029 0.016520 0.006156 0.003570
24.191541 0.016512 0.006107 0.003521
24.208047 0.016505 0.006059 0.003473
24.224546 0.016500 0.006011 0.003425
24.241041 0.016495 0.005963 0.003377
24.257533 0.016492 0.005916 0.003330
24.274022 0.016489 0.005869 0.003283
24.290509 0.016487 0.005822 0.003236
24.306993 0.016484 0.005776 0.003190
24.323475 0.016482 0.005730 0.003144
24.339956 0.016481 0.005684 0.003098
24.356435 0.016479 0.005638 0.003052
24.372914 0.016478 0.005593 0.003007
24.389391 0.016478 0.005548 0.002962
24.405869 0.016478 0.005503 0.002917
24.422348 0.016479 0.005458 0.002872
24.438828 0.016480 0.005413 0.002827
24.455310 0.016482 0.005369 0.002783
24.471795 0.016485 0.005324 0.002738
24.488282 0.016487 0.005280 0.002694
24.504773 0.016491 0.005236 0.002650
24.521267 0.016494 0.005191 0.002605
24.537766 0.016499 0.005147 0.002561
24.554269 0.016503 0.005103 0.002517
24.570777 0.016508 0.005059 0.002473
24.587291 0.016514 0.005015 0.002429
24.603811 0.016520 0.004971 0.002385
24.620337 0.016526 0.004927 0.002341
24.636870 0.016533 0.004883 0.002297
24.653410 0.016540 0.004839 0.002253
24.669958 0.016548 0.004795 0.002209
24.686514 0.016556 0.004751 0.002165
24.703077 0.016564 0.004707 0.002121
24.719649 0.016572 0.004663 0.002077
24.736229 0.016580 0.004620 0.002034
24.752817 0.016588 0.004576 0.001990
24.769414 0.016596 0.004533 0.001947
24.786018 0.016604 0.004490 0.001904
24.802630 0.016612 0.004447 0.001861
24.819250 0.016620 0.004404 0.001818
24.835877 0.016627 0.004362 0.001776
24.852512 0.016634 0.004319 0.001733
24.869154 0.016642 0.004277 0.001691
24.885803 0.016649 0.004236 0.001650
24.902460 0.016657 0.004194 0.001608
24.919124 0.016664 0.004153 0.001567
24.935796 0.016672 0.004112 0.001526
24.952476 0.016680 0.004072 0.001486
24.969164 0.016688 0.004031 0.001445
24.985860 0.016696 0.003991 0.001405
25.002565 0.016705 0.003952 0.001366
25.019278 0.016713 0.003913 0.001327
25.036000 0.016722 0.003874 0.001288
25.052731 0.016731 0.003835 0.001249
25.069471 0.016740 0.003797 0.001211
25.086221 0.016749 0.003759 0.001173
25.102979 0.016759 0.003722 0.001136
25.119747 0.016768 0.003684 0.001098
25.136525 0.016778 0.003648 0.001062
25.153313 0.016788 0.003611 0.001025
25.170110 0.016798 0.003575 0.000989
25.186918 0.016808 0.003539 0.000953
25.203736 0.016818 0.003503 0.000917
25.220563 0.016828 0.003468 0.000882
25.237401 0.016838 0.003432 0.000846
25.254249 0.016848 0.003397 0.000811
25.271108 0.016858 0.003363 0.000777
25.287976 0.016868 0.003328 0.000742
25.304854 0.016878 0.003294 0.000708
25.321742 0.016888 0.003260 0.000674
25.338639 0.016898 0.003226 0.000640
25.355547 0.016907 0.003192 0.000606
25.372464 0.016917 0.003158 0.000572
25.389390 0.016926 0.003125 0.000539
25.406324 0.016935 0.003091 0.000506
25.423267 0.016943 0.003058 0.000472
25.440217 0.016951 0.003025 0.000440
25.457176 0.016959 0.002993 0.000407
25.474142 0.016966 0.002960 0.000374
25.491115 0.016973 0.002928 0.000342
25.508095 0.016980 0.002895 0.000310
25.525082 0.016987 0.002863 0.000277
25.542075 0.016994 0.002831 0.000245
25.559076 0.017001 0.002800 0.000214
25.576083 0.017007 0.002768 0.000182
25.593096 0.017013 0.002736 0.000150
25.610116 0.017019 0.002704 0.000118
25.627141 0.017025 0.002673 0.000087
25.644172 0.017031 0.002642 0.000056
25.661209 0.017037 0.002610 0.000025
25.678251 0.017042 0.002579 -0.000007
25.695299 0.017047 0.002549 -0.000037
25.712352 0.017053 0.002518 -0.000068
25.729410 0.017058 0.002487 -0.000099
25.746472 0.017063 0.002457 -0.000129
25.763540 0.017068 0.002427 -0.000159
25.780612 0.017072 0.002397 -0.000189
25.797690 0.017078 0.002367 -0.000219
25.814773 0.017083 0.002338 -0.000248
25.831863 0.017090 0.002309 -0.000277
25.848959 0.017096 0.002280 -0.000306
25.866060 0.017102 0.002251 -0.000335
25.883168 0.017108 0.002223 -0.000363
25.900283 0.017114 0.002194 -0.000392
25.917404 0.017121 0.002166 -0.000420
25.934531 0.017128 0.002138 -0.000448
25.951665 0.017134 0.002111 -0.000475
25.968805 0.017140 0.002083 -0.000503
25.985952 0.017147 0.002056 -0.000530
26.003105 0.017153 0.002029 -0.000557
26.020264 0.017159 0.002003 -0.000583
26.037430 0.017165 0.001976 -0.000609
26.054601 0.017171 0.001951 -0.000635
26.071778 0.017177 0.001925 -0.000661
26.088961 0.017183 0.001900 -0.000686
26.106150 0.017189 0.001875 -0.000711
26.123344 0.017195 0.001850 -0.000736
26.140545 0.017201 0.001825 -0.000761
26.157753 0.017207 0.001801 -0.000785
26.174967 0.017214 0.001777 -0.000809
26.192187 0.017220 0.001753 -0.000832
26.209414 0.017227 0.001730 -0.000856
26.226647 0.017233 0.001707 -0.000879
26.243887 0.017240 0.001684 -0.000902
26.261133 0.017246 0.001661 -0.000925
26.278385 0.017252 0.001639 -0.000947
26.295643 0.017258 0.001616 -0.000970
26.312907 0.017264 0.001594 -0.000992
26.330177 0.017270 0.001573 -0.001013
26.347451 0.017275 0.001551 -0.001035
26.364731 0.017279 0.001530 -0.001056
26.382014 0.017284 0.001509 -0.001077
26.399302 0.017287 0.001488 -0.001098
26.416593 0.017291 0.001468 -0.001118
26.433888 0.017295 0.001448 -0.001138
26.451187 0.017299 0.001428 -0.001158
26.468489 0.017302 0.001408 -0.001178
26.485795 0.017306 0.001389 -0.001197
26.503105 0.017310 0.001370 -0.001216
26.520408 0.017303 0.001351 -0.001235
26.537693 0.017285 0.001332 -0.001254
26.554953 0.017260 0.001314 -0.001272
26.572188 0.017235 0.001296 -0.001290
26.589398 0.017210 0.001278 -0.001308
26.606584 0.017186 0.001261 -0.001325
26.623747 0.017163 0.001243 -0.001342
26.640889 0.017141 0.001227 -0.001359
26.658010 0.017121 0.001210 -0.001376
26.675113 0.017103 0.001193 -0.001392
26.692198 0.017086 0.001177 -0.001409
26.709267 0.017068 0.001161 -0.001424
26.726318 0.017051 0.001146 -0.001440
26.743351 0.017033 0.001131 -0.001455
26.760365 0.017014 0.001116 -0.001470
26.777360 0.016995 0.001101 -0.001485
26.794336 0.016976 0.001086 -0.001500
26.811292 0.016956 0.001072 -0.001514
26.828230 0.016938 0.001058 -0.001528
26.845151 0.016921 0.001044 -0.001542
26.862056 0.016905 0.001031 -0.001555
26.878946 0.016890 0.001018 -0.001568
26.895822 0.016877 0.001005 -0.001581
26.912687 0.016865 0.000992 -0.001594
26.929545 0.016858 0.000979 -0.001606
26.946398 0.016852 0.000967 -0.001619
26.963239 0.016841 0.000955 -0.001631
26.980065 0.016827 0.000943 -0.001642
26.996878 0.016813 0.000932 -0.001654
27.013677 0.016799 0.000921 -0.001665
27.030462 0.016785 0.000909 -0.001676
27.047234 0.016772 0.000899 -0.001687
27.063992 0.016758 0.000888 -0.001698
27.080737 0.016745 0.000877 -0.001709
27.097469 0.016732 0.000867 -0.001719
27.114188 0.016719 0.000857 -0.001729
27.130895 0.016707 0.000847 -0.001739
27.147589 0.016695 0.000837 -0.001749
27.164273 0.016683 0.000828 -0.001758
27.180946 0.016673 0.000818 -0.001767
27.197603 0.016658 0.000809 -0.001777
27.214246 0.016643 0.000800 -0.001785
27.230874 0.016628 0.000792 -0.001794
27.247489 0.016615 0.000783 -0.001803
27.264090 0.016602 0.000775 -0.001811
27.280680 0.016590 0.000767 -0.001819
27.297259 0.016578 0.000759 -0.001827
27.313826 0.016568 0.000751 -0.001835
27.330384 0.016558 0.000743 -0.001842
27.346933 0.016549 0.000736 -0.001850
27.363475 0.016542 0.000728 -0.001857
27.380012 0.016537 0.000721 -0.001865
27.396544 0.016532 0.000714 -0.001872
27.413073 0.016529 0.000707 -0.001879
27.429598 0.016526 0.000700 -0.001886
27.446122 0.016524 0.000693 -0.001893
27.462645 0.016523 0.000687 -0.001899
27.479168 0.016522 0.000680 -0.001906
27.495690 0.016523 0.000674 -0.001912
27.512214 0.016524 0.000667 -0.001919
27.528740 0.016526 0.000661 -0.001925
27.545268 0.016528 0.000655 -0.001931
27.561799 0.016531 0.000649 -0.001937
27.578334 0.016534 0.000643 -0.001943
27.594872 0.016538 0.000637 -0.001949
27.611414 0.016543 0.000632 -0.001954
27.627962 0.016548 0.000626 -0.001960
27.644516 0.016554 0.000620 -0.001965
27.661076 0.016561 0.000615 -0.001971
27.677644 0.016568 0.000610 -0.001976
27.694221 0.016576 0.000604 -0.001982
27.710806 0.016585 0.000599 -0.001987
27.727394 0.016588 0.000594 -0.001992
27.743985 0.016591 0.000589 -0.001997
27.760580 0.016595 0.000584 -0.002002
27.777179 0.016600 0.000579 -0.002007
27.793784 0.016604 0.000575 -0.002011
27.810393 0.016609 0.000570 -0.002016
27.827007 0.016614 0.000565 -0.002021
27.843628 0.016621 0.000561 -0.002025
27.860256 0.016628 0.000556 -0.002030
27.876890 0.016634 0.000552 -0.002034
27.893529 0.016638 0.000548 -0.002038
27.910170 0.016641 0.000543 -0.002043
27.926814 0.016644 0.000539 -0.002047
27.943458 0.016644 0.000535 -0.002051
27.960102 0.016644 0.000531 -0.002055
27.976747 0.016645 0.000527 -0.002059
27.993394 0.016647 0.000523 -0.002063
28.010050 0.016656 0.000519 -0.002067
28.026723 0.016672 0.000515 -0.002071
28.043383 0.016660 0.000511 -0.002074
28.060027 0.016644 0.000508 -0.002078
28.076662 0.016635 0.000504 -0.002082
28.093303 0.016642 0.000500 -0.002085
28.109954 0.016651 0.000497 -0.002089
28.126607 0.016653 0.000493 -0.002093
28.143257 0.016650 0.000490 -0.002096
28.159903 0.016646 0.000486 -0.002099
28.176542 0.016639 0.000483 -0.002103
28.193174 0.016632 0.000480 -0.002106
28.209795 0.016621 0.000476 -0.002109
28.226409 0.016614 0.000473 -0.002113
28.243018 0.016609 0.000470 -0.002116
28.259620 0.016602 0.000467 -0.002119
28.276214 0.016594 0.000464 -0.002122
28.292801 0.016587 0.000461 -0.002125
28.309382 0.016581 0.000458 -0.002128
28.325960 0.016577 0.000454 -0.002131
28.342535 0.016576 0.000451 -0.002134
28.359111 0.016576 0.000449 -0.002137
28.375687 0.016576 0.000446 -0.002140
28.392263 0.016576 0.000443 -0.002143
28.408838 0.016576 0.000440 -0.002146
28.425413 0.016575 0.000437 -0.002149
28.441987 0.016574 0.000434 -0.002152
28.458561 0.016573 0.000431 -0.002155
28.475135 0.016575 0.000429 -0.002157
28.491713 0.016578 0.000426 -0.002160
28.508295 0.016582 0.000423 -0.002163
28.524882 0.016587 0.000421 -0.002165
28.541474 0.016592 0.000418 -0.002168
28.558075 0.016601 0.000415 -0.002171
28.574683 0.016609 0.000413 -0.002173
28.591300 0.016616 0.000410 -0.002176
28.607922 0.016623 0.000408 -0.002178
28.624549 0.016626 0.000405 -0.002181
28.641179 0.016630 0.000403 -0.002183
28.657813 0.016634 0.000400 -0.002186
28.674451 0.016638 0.000398 -0.002188
28.691093 0.016642 0.000395 -0.002191
28.707738 0.016645 0.000393 -0.002193
28.724386 0.016648 0.000391 -0.002195
28.741036 0.016650 0.000388 -0.002198
28.757689 0.016652 0.000386 -0.002200
28.774344 0.016655 0.000384 -0.002202
28.791002 0.016658 0.000381 -0.002204
28.807664 0.016662 0.000379 -0.002207
28.824330 0.016666 0.000377 -0.002209
28.841000 0.016670 0.000375 -0.002211
28.857676 0.016675 0.000372 -0.002213
28.874354 0.016678 0.000370 -0.002216
28.891030 0.016676 0.000368 -0.002218
28.907705 0.016675 0.000366 -0.002220
28.924378 0.016673 0.000364 -0.002222
28.941050 0.016672 0.000361 -0.002225
28.957721 0.016671 0.000359 -0.002227
28.974391 0.016670 0.000357 -0.002229
28.991060 0.016669 0.000355 -0.002231
29.007729 0.016669 0.000353 -0.002233
29.024397 0.016668 0.000351 -0.002235
29.041065 0.016668 0.000349 -0.002237
29.057732 0.016667 0.000346 -0.002239
29.074398 0.016667 0.000344 -0.002242
29.091064 0.016666 0.000342 -0.002244
29.107729 0.016665 0.000340 -0.002246
29.124393 0.016664 0.000338 -0.002248
29.141057 0.016663 0.000336 -0.002250
29.157719 0.016662 0.000334 -0.002252
29.174380 0.016661 0.000332 -0.002254
29.191039 0.016660 0.000330 -0.002256
29.207697 0.016658 0.000328 -0.002258
29.224354 0.016657 0.000326 -0.002260
29.241010 0.016656 0.000324 -0.002262
29.257664 0.016655 0.000322 -0.002264
29.274318 0.016654 0.000320 -0.002266
29.290972 0.016653 0.000318 -0.002267
29.307624 0.016653 0.000317 -0.002269
29.324277 0.016653 0.000315 -0.002271
29.340929 0.016652 0.000313 -0.002273
29.357582 0.016652 0.000311 -0.002275
29.374234 0.016652 0.000309 -0.002277
29.390886 0.016653 0.000307 -0.002279
29.407539 0.016653 0.000305 -0.002281
29.424193 0.016653 0.000304 -0.002282
29.440847 0.016654 0.000302 -0.002284
29.457501 0.016654 0.000300 -0.002286
29.474155 0.016654 0.000298 -0.002288
29.490810 0.016655 0.000296 -0.002289
29.507466 0.016656 0.000295 -0.002291
29.524122 0.016657 0.000293 -0.002293
29.540780 0.016658 0.000291 -0.002295
29.557439 0.016659 0.000289 -0.002296
29.574100 0.016661 0.000288 -0.002298
29.590763 0.016663 0.000286 -0.002300
29.607427 0.016665 0.000284 -0.002302
29.624094 0.016667 0.000283 -0.002303
29.640763 0.016669 0.000281 -0.002305
29.657432 0.016669 0.000279 -0.002307
29.674102 0.016670 0.000278 -0.002308
29.690773 0.016671 0.000276 -0.002310
29.707445 0.016672 0.000275 -0.002311
29.724117 0.016673 0.000273 -0.002313
29.740791 0.016674 0.000271 -0.002315
29.757465 0.016674 0.000270 -0.002316
29.774141 0.016675 0.000268 -0.002318
29.790817 0.016676 0.000267 -0.002319
29.807495 0.016678 0.000265 -0.002321
29.824174 0.016679 0.000264 -0.002322
29.840855 0.016681 0.000262 -0.002324
29.857538 0.016682 0.000261 -0.002325
29.874222 0.016684 0.000259 -0.002327
29.890908 0.016686 0.000258 -0.002328
29.907596 0.016688 0.000256 -0.002330
29.924287 0.016691 0.000255 -0.002331
29.940980 0.016693 0.000253 -0.002333
29.957676 0.016696 0.000252 -0.002334
29.974374 0.016698 0.000250 -0.002336
29.991076 0.016702 0.000249 -0.002337
30.000000 0.008924 0.000248 -0.002338
