Gauge gauge_4 Location: X=2.0, Y=1.696
Time(s) dt(s) Depth(m) Elevation(m)
0.017486 0.017486 0.075350 0.000000
0.034972 0.017486 0.075350 0.000000
0.052459 0.017486 0.075350 0.000000
0.069945 0.017486 0.075350 0.000000
0.087431 0.017486 0.075350 0.000000
0.104917 0.017486 0.075350 0.000000
0.122403 0.017486 0.075350 0.000000
0.139889 0.017486 0.075350 0.000000
0.157375 0.017486 0.075350 0.000000
0.174860 0.017485 0.075350 0.000000
0.192345 0.017485 0.075350 0.000000
0.209830 0.017485 0.075350 0.000000
0.227314 0.017484 0.075350 0.000000
0.244798 0.017484 0.075350 0.000000
0.262282 0.017484 0.075350 -0.000000
0.279766 0.017484 0.075350 -0.000000
0.297249 0.017483 0.075350 -0.000000
0.314732 0.017483 0.075350 -0.000000
0.332215 0.017483 0.075350 -0.000000
0.349697 0.017483 0.075350 -0.000000
0.367180 0.017482 0.075350 -0.000000
0.384662 0.017482 0.075350 -0.000000
0.402144 0.017482 0.075350 -0.000000
0.419626 0.017482 0.075350 -0.000000
0.437107 0.017482 0.075350 -0.000000
0.454589 0.017482 0.075350 -0.000000
0.472071 0.017482 0.075350 -0.000000
0.489552 0.017482 0.075350 -0.000000
0.507034 0.017481 0.075350 -0.000000
0.524515 0.017481 0.075350 -0.000000
0.541996 0.017481 0.075350 -0.000000
0.559478 0.017481 0.075350 -0.000000
0.576959 0.017481 0.075350 -0.000000
0.594441 0.017481 0.075350 -0.000000
0.611922 0.017481 0.075350 -0.000000
0.629403 0.017481 0.075350 -0.000000
0.646885 0.017481 0.075350 -0.000000
0.664366 0.017481 0.075350 -0.000000
0.681848 0.017481 0.075350 -0.000000
0.699329 0.017482 0.075350 -0.000000
0.716811 0.017482 0.075350 -0.000000
0.734292 0.017482 0.075350 -0.000000
0.751774 0.017482 0.075350 -0.000000
0.769256 0.017482 0.075350 -0.000000
0.786738 0.017482 0.075350 -0.000000
0.804220 0.017482 0.075350 -0.000000
0.821702 0.017482 0.075350 -0.000000
0.839184 0.017482 0.075350 -0.000000
0.856666 0.017482 0.075350 -0.000000
0.874148 0.017482 0.075350 -0.000000
0.891630 0.017482 0.075350 -0.000000
0.909113 0.017482 0.075350 -0.000000
0.926595 0.017482 0.075350 -0.000000
0.944077 0.017482 0.075350 -0.000000
0.961560 0.017483 0.075350 -0.000000
0.979043 0.017483 0.075350 -0.000000
0.996525 0.017483 0.075350 -0.000000
1.014008 0.017483 0.075350 -0.000000
1.031491 0.017483 0.075350 -0.000000
1.048973 0.017483 0.075350 -0.000000
1.066456 0.017483 0.075350 -0.000000
1.083939 0.017483 0.075350 -0.000000
1.101422 0.017483 0.075350 -0.000000
1.118905 0.017483 0.075349 -0.000001
1.136388 0.017483 0.075349 -0.000001
1.153870 0.017483 0.075349 -0.000001
1.171353 0.017483 0.075349 -0.000001
1.188836 0.017483 0.075348 -0.000002
1.206319 0.017483 0.075348 -0.000002
1.223802 0.017483 0.075348 -0.000002
1.241284 0.017483 0.075347 -0.000003
1.258767 0.017483 0.075346 -0.000004
1.276250 0.017483 0.075345 -0.000005
1.293732 0.017483 0.075344 -0.000006
1.311215 0.017483 0.075342 -0.000008
1.328697 0.017482 0.075340 -0.000010
1.346180 0.017482 0.075338 -0.000012
1.363662 0.017482 0.075334 -0.000016
1.381144 0.017482 0.075331 -0.000019
1.398627 0.017482 0.075326 -0.000024
1.416109 0.017482 0.075321 -0.000029
1.433591 0.017482 0.075315 -0.000035
1.451073 0.017482 0.075310 -0.000040
1.468555 0.017482 0.075304 -0.000046
1.486037 0.017482 0.075298 -0.000052
1.503519 0.017482 0.075293 -0.000057
1.521001 0.017482 0.075289 -0.000061
1.538482 0.017482 0.075285 -0.000065
1.555964 0.017482 0.075281 -0.000069
1.573446 0.017482 0.075278 -0.000072
1.590927 0.017482 0.075276 -0.000074
1.608409 0.017481 0.075275 -0.000075
1.625890 0.017481 0.075274 -0.000076
1.643371 0.017481 0.075273 -0.000077
1.660852 0.017481 0.075273 -0.000077
1.678333 0.017481 0.075273 -0.000077
1.695814 0.017481 0.075274 -0.000076
1.713295 0.017481 0.075275 -0.000075
1.730776 0.017481 0.075276 -0.000074
1.748257 0.017481 0.075278 -0.000072
1.765738 0.017481 0.075279 -0.000071
1.783218 0.017481 0.075281 -0.000069
1.800699 0.017480 0.075282 -0.000068
1.818179 0.017480 0.075284 -0.000066
1.835659 0.017480 0.075287 -0.000063
1.853139 0.017480 0.075290 -0.000060
1.870620 0.017480 0.075294 -0.000056
1.888100 0.017480 0.075299 -0.000051
1.905579 0.017480 0.075305 -0.000045
1.923059 0.017480 0.075311 -0.000039
1.940539 0.017480 0.075319 -0.000031
1.958019 0.017480 0.075326 -0.000024
1.975498 0.017480 0.075334 -0.000016
1.992978 0.017480 0.075342 -0.000008
2.010457 0.017480 0.075351 0.000001
2.027937 0.017479 0.075359 0.000009
2.045416 0.017479 0.075367 0.000017
2.062896 0.017479 0.075374 0.000024
2.080375 0.017479 0.075382 0.000032
2.097855 0.017479 0.075388 0.000038
2.115334 0.017479 0.075395 0.000045
2.132813 0.017479 0.075401 0.000051
2.150293 0.017479 0.075406 0.000056
2.167772 0.017479 0.075411 0.000061
2.185252 0.017479 0.075415 0.000065
2.202731 0.017480 0.075418 0.000068
2.220211 0.017480 0.075421 0.000071
2.237691 0.017480 0.075424 0.000074
2.255170 0.017480 0.075426 0.000076
2.272650 0.017480 0.075428 0.000078
2.290131 0.017480 0.075429 0.000079
2.307611 0.017480 0.075431 0.000081
2.325092 0.017481 0.075432 0.000082
2.342572 0.017481 0.075432 0.000082
2.360053 0.017481 0.075432 0.000082
2.377535 0.017481 0.075432 0.000082
2.395017 0.017482 0.075432 0.000082
2.412499 0.017482 0.075432 0.000082
2.429981 0.017482 0.075432 0.000082
2.447464 0.017483 0.075431 0.000081
2.464948 0.017483 0.075430 0.000080
2.482431 0.017484 0.075429 0.000079
2.499916 0.017484 0.075427 0.000077
2.517401 0.017485 0.075426 0.000076
2.534886 0.017485 0.075423 0.000073
2.552371 0.017485 0.075421 0.000071
2.569857 0.017485 0.075418 0.000068
2.587342 0.017485 0.075416 0.000066
2.604827 0.017485 0.075413 0.000063
2.622313 0.017485 0.075411 0.000061
2.639798 0.017485 0.075409 0.000059
2.657283 0.017485 0.075407 0.000057
2.674768 0.017485 0.075405 0.000055
2.692253 0.017485 0.075403 0.000053
2.709739 0.017485 0.075401 0.000051
2.727224 0.017485 0.075399 0.000049
2.744709 0.017485 0.075397 0.000047
2.762194 0.017485 0.075395 0.000045
2.779679 0.017485 0.075394 0.000044
2.797164 0.017485 0.075392 0.000042
2.814649 0.017485 0.075391 0.000041
2.832134 0.017485 0.075390 0.000040
2.849619 0.017485 0.075389 0.000039
2.867104 0.017485 0.075388 0.000038
2.884589 0.017485 0.075387 0.000037
2.902074 0.017485 0.075386 0.000036
2.919559 0.017485 0.075385 0.000035
2.937044 0.017485 0.075384 0.000034
2.954529 0.017485 0.075383 0.000033
2.972014 0.017485 0.075383 0.000033
2.989499 0.017485 0.075383 0.000033
3.006984 0.017485 0.075382 0.000032
3.024469 0.017485 0.075382 0.000032
3.041954 0.017485 0.075382 0.000032
3.059439 0.017485 0.075382 0.000032
3.076924 0.017485 0.075383 0.000033
3.094409 0.017485 0.075383 0.000033
3.111894 0.017485 0.075383 0.000033
3.129380 0.017485 0.075384 0.000034
3.146865 0.017485 0.075384 0.000034
3.164350 0.017485 0.075385 0.000035
3.181835 0.017485 0.075385 0.000035
3.199320 0.017485 0.075386 0.000036
3.216805 0.017485 0.075386 0.000036
3.234291 0.017485 0.075387 0.000037
3.251776 0.017485 0.075387 0.000037
3.269261 0.017485 0.075388 0.000038
3.286747 0.017485 0.075389 0.000039
3.304232 0.017485 0.075389 0.000039
3.321717 0.017485 0.075390 0.000040
3.339203 0.017485 0.075390 0.000040
3.356688 0.017485 0.075391 0.000041
3.374174 0.017485 0.075392 0.000042
3.391659 0.017485 0.075392 0.000042
3.409144 0.017485 0.075393 0.000043
3.426630 0.017485 0.075394 0.000044
3.444115 0.017485 0.075395 0.000045
3.461601 0.017485 0.075395 0.000045
3.479086 0.017485 0.075396 0.000046
3.496572 0.017485 0.075397 0.000047
3.514057 0.017485 0.075398 0.000048
3.531543 0.017485 0.075399 0.000049
3.549028 0.017485 0.075399 0.000049
3.566514 0.017485 0.075400 0.000050
3.583999 0.017485 0.075401 0.000051
3.601485 0.017485 0.075402 0.000052
3.618970 0.017486 0.075403 0.000053
3.636456 0.017486 0.075404 0.000054
3.653941 0.017486 0.075404 0.000054
3.671427 0.017486 0.075405 0.000055
3.688913 0.017486 0.075406 0.000056
3.706399 0.017486 0.075407 0.000057
3.723885 0.017486 0.075408 0.000058
3.741371 0.017486 0.075409 0.000059
3.758858 0.017487 0.075409 0.000059
3.776345 0.017487 0.075410 0.000060
3.793832 0.017487 0.075411 0.000061
3.811320 0.017487 0.075412 0.000062
3.828807 0.017488 0.075412 0.000062
3.846296 0.017488 0.075413 0.000063
3.863784 0.017488 0.075414 0.000064
3.881272 0.017488 0.075414 0.000064
3.898760 0.017488 0.075414 0.000064
3.916247 0.017487 0.075415 0.000065
3.933734 0.017487 0.075415 0.000065
3.951221 0.017487 0.075415 0.000065
3.968707 0.017486 0.075415 0.000065
3.986193 0.017486 0.075415 0.000065
4.003679 0.017486 0.075415 0.000065
4.021165 0.017486 0.075415 0.000065
4.038650 0.017485 0.075415 0.000065
4.056135 0.017485 0.075415 0.000065
4.073620 0.017485 0.075414 0.000064
4.091104 0.017485 0.075414 0.000064
4.108588 0.017484 0.075413 0.000063
4.126073 0.017484 0.075412 0.000062
4.143557 0.017484 0.075411 0.000061
4.161041 0.017484 0.075410 0.000060
4.178525 0.017484 0.075408 0.000058
4.196008 0.017484 0.075405 0.000055
4.213492 0.017484 0.075403 0.000053
4.230976 0.017484 0.075399 0.000049
4.248460 0.017484 0.075395 0.000045
4.265944 0.017484 0.075390 0.000040
4.283427 0.017484 0.075385 0.000035
4.300911 0.017484 0.075379 0.000029
4.318395 0.017484 0.075372 0.000022
4.335880 0.017484 0.075365 0.000015
4.353364 0.017484 0.075358 0.000008
4.370848 0.017484 0.075350 -0.000000
4.388333 0.017485 0.075342 -0.000008
4.405818 0.017485 0.075334 -0.000016
4.423303 0.017485 0.075326 -0.000024
4.440788 0.017485 0.075317 -0.000033
4.458273 0.017485 0.075309 -0.000041
4.475759 0.017486 0.075300 -0.000050
4.493245 0.017486 0.075292 -0.000058
4.510732 0.017486 0.075283 -0.000067
4.528218 0.017487 0.075275 -0.000075
4.545705 0.017487 0.075266 -0.000084
4.563191 0.017487 0.075257 -0.000093
4.580678 0.017486 0.075248 -0.000102
4.598164 0.017486 0.075239 -0.000111
4.615650 0.017486 0.075230 -0.000120
4.633137 0.017486 0.075221 -0.000129
4.650623 0.017486 0.075212 -0.000138
4.668109 0.017486 0.075204 -0.000146
4.685596 0.017486 0.075195 -0.000155
4.703082 0.017487 0.075187 -0.000163
4.720569 0.017487 0.075178 -0.000172
4.738056 0.017487 0.075169 -0.000181
4.755543 0.017487 0.075161 -0.000189
4.773031 0.017487 0.075153 -0.000197
4.790518 0.017488 0.075144 -0.000206
4.808006 0.017488 0.075136 -0.000214
4.825494 0.017488 0.075129 -0.000221
4.842982 0.017488 0.075121 -0.000229
4.860471 0.017489 0.075114 -0.000236
4.877960 0.017489 0.075108 -0.000242
4.895449 0.017489 0.075101 -0.000249
4.912938 0.017490 0.075095 -0.000255
4.930428 0.017490 0.075089 -0.000261
4.947919 0.017490 0.075084 -0.000266
4.965409 0.017491 0.075079 -0.000271
4.982900 0.017491 0.075073 -0.000277
5.000392 0.017491 0.075068 -0.000282
5.017883 0.017492 0.075063 -0.000287
5.035376 0.017492 0.075058 -0.000292
5.052868 0.017492 0.075053 -0.000297
5.070360 0.017493 0.075047 -0.000303
5.087853 0.017493 0.075041 -0.000309
5.105346 0.017493 0.075036 -0.000314
5.122840 0.017493 0.075029 -0.000321
5.140333 0.017494 0.075023 -0.000327
5.157827 0.017494 0.075016 -0.000334
5.175321 0.017494 0.075009 -0.000341
5.192816 0.017494 0.075002 -0.000348
5.210310 0.017495 0.074995 -0.000355
5.227805 0.017495 0.074987 -0.000363
5.245300 0.017495 0.074979 -0.000371
5.262795 0.017495 0.074971 -0.000379
5.280290 0.017495 0.074963 -0.000387
5.297786 0.017496 0.074954 -0.000396
5.315282 0.017496 0.074945 -0.000405
5.332778 0.017496 0.074936 -0.000414
5.350274 0.017496 0.074926 -0.000424
5.367770 0.017496 0.074916 -0.000434
5.385267 0.017497 0.074905 -0.000445
5.402763 0.017497 0.074894 -0.000456
5.420260 0.017497 0.074883 -0.000467
5.437758 0.017497 0.074871 -0.000479
5.455255 0.017498 0.074859 -0.000491
5.472753 0.017498 0.074846 -0.000504
5.490251 0.017498 0.074833 -0.000517
5.507750 0.017498 0.074819 -0.000531
5.525248 0.017499 0.074804 -0.000546
5.542747 0.017499 0.074789 -0.000561
5.560247 0.017499 0.074773 -0.000577
5.577746 0.017500 0.074757 -0.000593
5.595246 0.017500 0.074740 -0.000610
5.612746 0.017500 0.074722 -0.000628
5.630246 0.017500 0.074703 -0.000647
5.647746 0.017500 0.074684 -0.000666
5.665247 0.017500 0.074665 -0.000685
5.682747 0.017500 0.074645 -0.000705
5.700247 0.017500 0.074624 -0.000726
5.717747 0.017500 0.074602 -0.000748
5.735247 0.017500 0.074581 -0.000769
5.752748 0.017500 0.074558 -0.000792
5.770248 0.017500 0.074535 -0.000815
5.787749 0.017501 0.074512 -0.000838
5.805249 0.017501 0.074488 -0.000862
5.822750 0.017501 0.074463 -0.000887
5.840251 0.017501 0.074438 -0.000912
5.857752 0.017501 0.074413 -0.000937
5.875254 0.017501 0.074387 -0.000963
5.892755 0.017502 0.074361 -0.000989
5.910257 0.017502 0.074335 -0.001015
5.927759 0.017502 0.074308 -0.001042
5.945262 0.017502 0.074281 -0.001069
5.962764 0.017503 0.074254 -0.001096
5.980267 0.017503 0.074226 -0.001124
5.997770 0.017503 0.074199 -0.001151
6.015274 0.017504 0.074171 -0.001179
6.032778 0.017504 0.074143 -0.001207
6.050282 0.017504 0.074115 -0.001235
6.067786 0.017505 0.074088 -0.001262
6.085291 0.017505 0.074060 -0.001290
6.102797 0.017505 0.074032 -0.001318
6.120302 0.017506 0.074005 -0.001345
6.137808 0.017506 0.073977 -0.001373
6.155314 0.017506 0.073950 -0.001400
6.172820 0.017506 0.073923 -0.001427
6.190327 0.017507 0.073896 -0.001454
6.207834 0.017507 0.073870 -0.001480
6.225342 0.017507 0.073843 -0.001507
6.242850 0.017508 0.073817 -0.001533
6.260358 0.017508 0.073792 -0.001558
6.277866 0.017508 0.073766 -0.001584
6.295374 0.017508 0.073741 -0.001609
6.312883 0.017509 0.073716 -0.001634
6.330392 0.017509 0.073692 -0.001658
6.347901 0.017509 0.073668 -0.001682
6.365411 0.017509 0.073644 -0.001706
6.382920 0.017510 0.073621 -0.001729
6.400430 0.017510 0.073597 -0.001753
6.417940 0.017510 0.073575 -0.001775
6.435450 0.017510 0.073552 -0.001798
6.452961 0.017511 0.073530 -0.001820
6.470472 0.017511 0.073508 -0.001842
6.487983 0.017511 0.073486 -0.001864
6.505494 0.017511 0.073465 -0.001885
6.523005 0.017511 0.073444 -0.001906
6.540517 0.017512 0.073423 -0.001927
6.558029 0.017512 0.073402 -0.001948
6.575541 0.017512 0.073382 -0.001968
6.593053 0.017512 0.073361 -0.001989
6.610566 0.017512 0.073341 -0.002009
6.628078 0.017513 0.073320 -0.002030
6.645591 0.017513 0.073299 -0.002051
6.663104 0.017513 0.073279 -0.002071
6.680617 0.017513 0.073258 -0.002092
6.698131 0.017513 0.073237 -0.002113
6.715644 0.017514 0.073216 -0.002134
6.733158 0.017514 0.073195 -0.002155
6.750672 0.017514 0.073174 -0.002176
6.768186 0.017514 0.073153 -0.002197
6.785701 0.017514 0.073133 -0.002217
6.803215 0.017515 0.073113 -0.002237
6.820730 0.017515 0.073093 -0.002257
6.838245 0.017515 0.073074 -0.002276
6.855761 0.017515 0.073056 -0.002294
6.873276 0.017516 0.073037 -0.002313
6.890792 0.017516 0.073019 -0.002331
6.908308 0.017516 0.073001 -0.002349
6.925824 0.017516 0.072984 -0.002366
6.943341 0.017516 0.072966 -0.002384
6.960858 0.017517 0.072949 -0.002401
6.978375 0.017517 0.072932 -0.002418
6.995892 0.017517 0.072914 -0.002436
7.013409 0.017517 0.072897 -0.002453
7.030926 0.017517 0.072880 -0.002470
7.048443 0.017517 0.072863 -0.002487
7.065960 0.017517 0.072847 -0.002503
7.083478 0.017517 0.072831 -0.002519
7.100995 0.017517 0.072815 -0.002535
7.118512 0.017517 0.072799 -0.002551
7.136030 0.017517 0.072784 -0.002566
7.153547 0.017517 0.072769 -0.002581
7.171065 0.017518 0.072755 -0.002595
7.188582 0.017518 0.072740 -0.002610
7.206100 0.017518 0.072726 -0.002624
7.223618 0.017518 0.072712 -0.002638
7.241136 0.017518 0.072698 -0.002652
7.258655 0.017518 0.072685 -0.002665
7.276173 0.017518 0.072671 -0.002679
7.293691 0.017518 0.072658 -0.002692
7.311209 0.017518 0.072644 -0.002706
7.328728 0.017518 0.072631 -0.002719
7.346246 0.017518 0.072617 -0.002733
7.363764 0.017518 0.072604 -0.002746
7.381282 0.017518 0.072591 -0.002759
7.398801 0.017518 0.072577 -0.002773
7.416319 0.017518 0.072564 -0.002786
7.433838 0.017518 0.072551 -0.002799
7.451356 0.017519 0.072538 -0.002812
7.468875 0.017519 0.072524 -0.002826
7.486394 0.017519 0.072511 -0.002839
7.503912 0.017519 0.072498 -0.002852
7.521431 0.017519 0.072485 -0.002865
7.538950 0.017519 0.072473 -0.002877
7.556469 0.017519 0.072460 -0.002890
7.573988 0.017519 0.072447 -0.002903
7.591507 0.017519 0.072434 -0.002916
7.609026 0.017519 0.072421 -0.002929
7.626545 0.017519 0.072408 -0.002942
7.644064 0.017519 0.072395 -0.002955
7.661584 0.017519 0.072382 -0.002968
7.679103 0.017520 0.072369 -0.002981
7.696623 0.017520 0.072356 -0.002994
7.714143 0.017520 0.072343 -0.003007
7.731663 0.017520 0.072330 -0.003020
7.749183 0.017520 0.072317 -0.003033
7.766703 0.017520 0.072304 -0.003046
7.784224 0.017520 0.072291 -0.003059
7.801744 0.017521 0.072277 -0.003073
7.819265 0.017521 0.072264 -0.003086
7.836786 0.017521 0.072250 -0.003100
7.854307 0.017521 0.072237 -0.003113
7.871829 0.017521 0.072223 -0.003127
7.889350 0.017522 0.072210 -0.003140
7.906872 0.017522 0.072196 -0.003154
7.924394 0.017522 0.072182 -0.003168
7.941916 0.017522 0.072169 -0.003181
7.959438 0.017522 0.072156 -0.003194
7.976961 0.017523 0.072143 -0.003207
7.994484 0.017523 0.072130 -0.003220
8.012006 0.017523 0.072117 -0.003233
8.029530 0.017523 0.072104 -0.003246
8.047053 0.017523 0.072091 -0.003259
8.064576 0.017524 0.072078 -0.003272
8.082100 0.017524 0.072066 -0.003284
8.099624 0.017524 0.072053 -0.003297
8.117148 0.017524 0.072041 -0.003309
8.134672 0.017524 0.072029 -0.003321
8.152196 0.017524 0.072017 -0.003333
8.169721 0.017524 0.072006 -0.003344
8.187245 0.017524 0.071995 -0.003355
8.204770 0.017525 0.071984 -0.003366
8.222294 0.017525 0.071973 -0.003377
8.239819 0.017525 0.071962 -0.003388
8.257344 0.017525 0.071952 -0.003398
8.274869 0.017525 0.071942 -0.003408
8.292394 0.017525 0.071932 -0.003418
8.309920 0.017525 0.071923 -0.003427
8.327445 0.017525 0.071913 -0.003437
8.344967 0.017521 0.071904 -0.003446
8.362483 0.017516 0.071895 -0.003455
8.379993 0.017511 0.071886 -0.003464
8.397498 0.017505 0.071877 -0.003473
8.414998 0.017500 0.071868 -0.003482
8.432492 0.017494 0.071860 -0.003490
8.449981 0.017489 0.071851 -0.003499
8.467464 0.017483 0.071843 -0.003507
8.484942 0.017478 0.071835 -0.003515
8.502414 0.017472 0.071827 -0.003523
8.519880 0.017466 0.071820 -0.003530
8.537340 0.017460 0.071812 -0.003538
8.554794 0.017454 0.071805 -0.003545
8.572242 0.017448 0.071798 -0.003552
8.589683 0.017442 0.071792 -0.003558
8.607119 0.017436 0.071786 -0.003564
8.624548 0.017429 0.071780 -0.003570
8.641971 0.017423 0.071775 -0.003575
8.659387 0.017416 0.071770 -0.003580
8.676796 0.017409 0.071765 -0.003585
8.694198 0.017402 0.071761 -0.003589
8.711594 0.017395 0.071758 -0.003592
8.728982 0.017388 0.071754 -0.003596
8.746362 0.017381 0.071751 -0.003599
8.763735 0.017373 0.071748 -0.003602
8.781100 0.017365 0.071746 -0.003604
8.798457 0.017357 0.071743 -0.003607
8.815806 0.017349 0.071741 -0.003609
8.833147 0.017341 0.071739 -0.003611
8.850479 0.017332 0.071737 -0.003613
8.867802 0.017323 0.071735 -0.003615
8.885116 0.017314 0.071733 -0.003617
8.902421 0.017305 0.071732 -0.003618
8.919717 0.017295 0.071731 -0.003619
8.937002 0.017286 0.071730 -0.003620
8.954278 0.017276 0.071729 -0.003621
8.971543 0.017265 0.071728 -0.003622
8.988798 0.017255 0.071728 -0.003622
9.006043 0.017244 0.071728 -0.003622
9.023276 0.017233 0.071728 -0.003622
9.040499 0.017222 0.071728 -0.003622
9.057710 0.017211 0.071729 -0.003621
9.074909 0.017199 0.071730 -0.003620
9.092097 0.017188 0.071732 -0.003618
9.109272 0.017176 0.071734 -0.003616
9.126436 0.017163 0.071736 -0.003614
9.143587 0.017151 0.071740 -0.003610
9.160725 0.017139 0.071744 -0.003606
9.177851 0.017126 0.071749 -0.003601
9.194964 0.017113 0.071754 -0.003596
9.212063 0.017100 0.071761 -0.003589
9.229150 0.017086 0.071768 -0.003582
9.246223 0.017073 0.071777 -0.003573
9.263282 0.017059 0.071786 -0.003564
9.280328 0.017046 0.071796 -0.003554
9.297360 0.017032 0.071807 -0.003543
9.314378 0.017018 0.071820 -0.003530
9.331382 0.017004 0.071833 -0.003517
9.348371 0.016990 0.071848 -0.003502
9.365347 0.016976 0.071864 -0.003486
9.382308 0.016961 0.071881 -0.003469
9.399255 0.016947 0.071899 -0.003451
9.416188 0.016933 0.071919 -0.003431
9.433106 0.016918 0.071940 -0.003410
9.450009 0.016904 0.071963 -0.003387
9.466898 0.016889 0.071987 -0.003363
9.483773 0.016875 0.072012 -0.003338
9.500633 0.016860 0.072039 -0.003311
9.517479 0.016846 0.072067 -0.003283
9.534310 0.016831 0.072097 -0.003253
9.551127 0.016817 0.072128 -0.003222
9.567929 0.016802 0.072161 -0.003189
9.584717 0.016788 0.072196 -0.003154
9.601491 0.016774 0.072232 -0.003118
9.618251 0.016760 0.072270 -0.003080
9.634997 0.016746 0.072310 -0.003040
9.651728 0.016732 0.072351 -0.002999
9.668446 0.016718 0.072393 -0.002957
9.685150 0.016704 0.072437 -0.002913
9.701840 0.016690 0.072481 -0.002869
9.718516 0.016676 0.072527 -0.002823
9.735179 0.016663 0.072574 -0.002776
9.751829 0.016650 0.072622 -0.002728
9.768465 0.016636 0.072671 -0.002679
9.785088 0.016623 0.072720 -0.002630
9.801698 0.016610 0.072771 -0.002579
9.818295 0.016597 0.072822 -0.002528
9.834879 0.016584 0.072874 -0.002476
9.851451 0.016571 0.072927 -0.002423
9.868010 0.016559 0.072980 -0.002370
9.884556 0.016546 0.073034 -0.002316
9.901090 0.016534 0.073088 -0.002262
9.917612 0.016522 0.073143 -0.002207
9.934122 0.016510 0.073198 -0.002152
9.950620 0.016498 0.073253 -0.002097
9.967106 0.016486 0.073308 -0.002042
9.983581 0.016474 0.073363 -0.001987
10.000044 0.016463 0.073419 -0.001931
10.016495 0.016451 0.073474 -0.001876
10.032935 0.016440 0.073529 -0.001821
10.049364 0.016429 0.073584 -0.001766
10.065782 0.016418 0.073639 -0.001711
10.082188 0.016407 0.073694 -0.001656
10.098584 0.016396 0.073748 -0.001602
10.114969 0.016385 0.073802 -0.001548
10.131344 0.016375 0.073856 -0.001494
10.147708 0.016364 0.073910 -0.001440
10.164062 0.016354 0.073964 -0.001386
10.180405 0.016343 0.074017 -0.001333
10.196738 0.016333 0.074070 -0.001280
10.213061 0.016323 0.074122 -0.001228
10.229374 0.016313 0.074175 -0.001175
10.245677 0.016303 0.074227 -0.001123
10.261971 0.016293 0.074279 -0.001071
10.278255 0.016284 0.074331 -0.001019
10.294529 0.016274 0.074383 -0.000967
10.310793 0.016265 0.074435 -0.000915
10.327049 0.016255 0.074487 -0.000863
10.343294 0.016246 0.074539 -0.000811
10.359531 0.016237 0.074592 -0.000758
10.375759 0.016227 0.074644 -0.000706
10.391977 0.016218 0.074697 -0.000653
10.408186 0.016209 0.074751 -0.000599
10.424387 0.016200 0.074805 -0.000545
10.440578 0.016191 0.074860 -0.000490
10.456761 0.016183 0.074915 -0.000435
10.472935 0.016174 0.074971 -0.000379
10.489100 0.016165 0.075028 -0.000322
10.505256 0.016157 0.075086 -0.000264
10.521405 0.016148 0.075145 -0.000205
10.537544 0.016140 0.075205 -0.000145
10.553675 0.016131 0.075266 -0.000084
10.569798 0.016123 0.075329 -0.000021
10.585913 0.016115 0.075393 0.000043
10.602019 0.016106 0.075459 0.000109
10.618117 0.016098 0.075526 0.000176
10.634207 0.016090 0.075596 0.000246
10.650289 0.016082 0.075667 0.000317
10.666363 0.016074 0.075740 0.000390
10.682429 0.016066 0.075815 0.000465
10.698487 0.016058 0.075893 0.000543
10.714538 0.016050 0.075972 0.000622
10.730580 0.016043 0.076054 0.000704
10.746616 0.016035 0.076139 0.000789
10.762643 0.016028 0.076225 0.000875
10.778663 0.016020 0.076315 0.000965
10.794676 0.016013 0.076406 0.001056
10.810682 0.016006 0.076501 0.001151
10.826680 0.015998 0.076598 0.001248
10.842671 0.015991 0.076698 0.001348
10.858655 0.015984 0.076800 0.001450
10.874632 0.015977 0.076905 0.001555
10.890602 0.015970 0.077013 0.001663
10.906565 0.015963 0.077124 0.001774
10.922521 0.015956 0.077237 0.001887
10.938470 0.015949 0.077354 0.002004
10.954413 0.015943 0.077473 0.002123
10.970349 0.015936 0.077594 0.002244
10.986279 0.015930 0.077719 0.002369
11.002202 0.015923 0.077846 0.002496
11.018120 0.015917 0.077975 0.002625
11.034031 0.015911 0.078107 0.002757
11.049935 0.015905 0.078242 0.002892
11.065834 0.015899 0.078378 0.003028
11.081727 0.015893 0.078517 0.003167
11.097615 0.015887 0.078658 0.003308
11.113496 0.015882 0.078801 0.003451
11.129372 0.015876 0.078946 0.003596
11.145242 0.015870 0.079092 0.003742
11.161107 0.015865 0.079240 0.003890
11.176967 0.015859 0.079389 0.004039
11.192821 0.015854 0.079540 0.004190
11.208669 0.015849 0.079692 0.004342
11.224513 0.015844 0.079845 0.004495
11.240351 0.015839 0.079998 0.004648
11.256185 0.015834 0.080153 0.004803
11.272014 0.015829 0.080308 0.004958
11.287838 0.015824 0.080463 0.005113
11.303657 0.015819 0.080618 0.005268
11.319472 0.015815 0.080774 0.005424
11.335282 0.015810 0.080930 0.005580
11.351088 0.015806 0.081085 0.005735
11.366890 0.015802 0.081240 0.005890
11.382687 0.015798 0.081395 0.006045
11.398481 0.015793 0.081549 0.006199
11.414270 0.015789 0.081703 0.006353
11.430056 0.015786 0.081856 0.006506
11.445837 0.015782 0.082008 0.006658
11.461616 0.015778 0.082160 0.006810
11.477390 0.015774 0.082310 0.006960
11.493161 0.015771 0.082460 0.007110
11.508929 0.015768 0.082608 0.007258
11.524693 0.015764 0.082756 0.007406
11.540454 0.015761 0.082902 0.007552
11.556212 0.015758 0.083046 0.007696
11.571967 0.015755 0.083189 0.007839
11.587720 0.015752 0.083331 0.007981
11.603469 0.015750 0.083471 0.008121
11.619216 0.015747 0.083610 0.008260
11.634960 0.015744 0.083748 0.008398
11.650702 0.015742 0.083884 0.008534
11.666442 0.015739 0.084019 0.008669
11.682179 0.015737 0.084153 0.008803
11.697913 0.015735 0.084285 0.008935
11.713646 0.015732 0.084417 0.009067
11.729376 0.015730 0.084547 0.009197
11.745104 0.015728 0.084676 0.009326
11.760830 0.015726 0.084803 0.009453
11.776553 0.015724 0.084929 0.009579
11.792275 0.015721 0.085054 0.009704
11.807994 0.015719 0.085178 0.009828
11.823711 0.015717 0.085301 0.009951
11.839427 0.015715 0.085424 0.010074
11.855140 0.015714 0.085547 0.010197
11.870852 0.015712 0.085669 0.010319
11.886562 0.015710 0.085791 0.010441
11.902270 0.015708 0.085912 0.010562
11.917977 0.015707 0.086031 0.010681
11.933682 0.015705 0.086150 0.010800
11.949386 0.015704 0.086268 0.010918
11.965088 0.015702 0.086385 0.011035
11.980789 0.015701 0.086500 0.011150
11.996488 0.015700 0.086614 0.011264
12.012186 0.015698 0.086727 0.011377
12.027883 0.015697 0.086839 0.011489
12.043580 0.015696 0.086950 0.011600
12.059275 0.015695 0.087059 0.011709
12.074969 0.015694 0.087166 0.011816
12.090662 0.015693 0.087272 0.011922
12.106355 0.015693 0.087376 0.012026
12.122047 0.015692 0.087479 0.012129
12.137738 0.015691 0.087582 0.012232
12.153429 0.015691 0.087683 0.012333
12.169119 0.015690 0.087784 0.012433
12.184809 0.015690 0.087883 0.012533
12.200499 0.015690 0.087982 0.012632
12.216188 0.015689 0.088080 0.012730
12.231878 0.015689 0.088178 0.012828
12.247567 0.015689 0.088274 0.012924
12.263256 0.015689 0.088371 0.013021
12.278946 0.015689 0.088467 0.013117
12.294635 0.015690 0.088562 0.013212
12.310325 0.015690 0.088657 0.013307
12.326016 0.015690 0.088751 0.013401
12.341706 0.015691 0.088844 0.013494
12.357398 0.015691 0.088937 0.013587
12.373090 0.015692 0.089029 0.013679
12.388783 0.015693 0.089120 0.013770
12.404477 0.015694 0.089210 0.013860
12.420171 0.015695 0.089299 0.013949
12.435867 0.015696 0.089387 0.014037
12.451564 0.015697 0.089474 0.014124
12.467262 0.015698 0.089560 0.014210
12.482962 0.015700 0.089645 0.014295
12.498663 0.015701 0.089728 0.014378
12.514366 0.015703 0.089811 0.014461
12.530071 0.015705 0.089893 0.014543
12.545778 0.015707 0.089975 0.014625
12.561487 0.015709 0.090055 0.014705
12.577197 0.015711 0.090136 0.014786
12.592911 0.015713 0.090216 0.014866
12.608626 0.015716 0.090296 0.014946
12.624344 0.015718 0.090375 0.015025
12.640065 0.015721 0.090454 0.015104
12.655788 0.015723 0.090533 0.015183
12.671515 0.015726 0.090612 0.015262
12.687244 0.015729 0.090690 0.015340
12.702976 0.015732 0.090768 0.015418
12.718712 0.015735 0.090846 0.015496
12.734451 0.015739 0.090923 0.015573
12.750193 0.015742 0.090999 0.015649
12.765939 0.015746 0.091074 0.015724
12.781688 0.015749 0.091149 0.015799
12.797441 0.015753 0.091222 0.015872
12.813198 0.015757 0.091295 0.015945
12.828959 0.015761 0.091367 0.016017
12.844724 0.015765 0.091438 0.016088
12.860493 0.015769 0.091508 0.016158
12.876267 0.015774 0.091578 0.016228
12.892045 0.015778 0.091646 0.016296
12.907828 0.015783 0.091713 0.016363
12.923615 0.015787 0.091780 0.016430
12.939407 0.015792 0.091845 0.016495
12.955203 0.015797 0.091910 0.016560
12.971005 0.015802 0.091973 0.016623
12.986812 0.015807 0.092036 0.016686
13.002623 0.015812 0.092097 0.016747
13.018440 0.015817 0.092158 0.016808
13.034263 0.015822 0.092217 0.016867
13.050090 0.015828 0.092276 0.016926
13.065923 0.015833 0.092334 0.016984
13.081762 0.015839 0.092391 0.017041
13.097607 0.015844 0.092448 0.017098
13.113457 0.015850 0.092503 0.017153
13.129313 0.015856 0.092558 0.017208
13.145174 0.015862 0.092612 0.017262
13.161042 0.015868 0.092666 0.017316
13.176916 0.015874 0.092718 0.017368
13.192796 0.015880 0.092770 0.017420
13.208682 0.015886 0.092822 0.017472
13.224575 0.015892 0.092873 0.017523
13.240473 0.015898 0.092923 0.017573
13.256378 0.015905 0.092972 0.017622
13.272289 0.015911 0.093022 0.017672
13.288206 0.015917 0.093071 0.017721
13.304129 0.015923 0.093120 0.017770
13.320059 0.015930 0.093169 0.017819
13.335995 0.015936 0.093218 0.017868
13.351937 0.015942 0.093266 0.017916
13.367886 0.015949 0.093314 0.017964
13.383842 0.015955 0.093362 0.018012
13.399804 0.015962 0.093409 0.018059
13.415772 0.015969 0.093457 0.018107
13.431748 0.015975 0.093505 0.018155
13.447730 0.015982 0.093552 0.018202
13.463719 0.015989 0.093599 0.018249
13.479714 0.015996 0.093645 0.018295
13.495716 0.016002 0.093690 0.018340
13.511726 0.016009 0.093735 0.018385
13.527742 0.016016 0.093778 0.018428
13.543765 0.016023 0.093821 0.018471
13.559795 0.016030 0.093862 0.018512
13.575832 0.016037 0.093903 0.018553
13.591876 0.016044 0.093942 0.018592
13.607927 0.016051 0.093981 0.018631
13.623985 0.016058 0.094018 0.018668
13.640050 0.016065 0.094055 0.018705
13.656123 0.016072 0.094090 0.018740
13.672202 0.016080 0.094125 0.018775
13.688289 0.016087 0.094158 0.018808
13.704383 0.016094 0.094190 0.018840
13.720484 0.016101 0.094221 0.018871
13.736593 0.016109 0.094252 0.018902
13.752709 0.016116 0.094281 0.018931
13.768832 0.016123 0.094309 0.018959
13.784962 0.016131 0.094336 0.018986
13.801100 0.016138 0.094362 0.019012
13.817246 0.016145 0.094387 0.019037
13.833398 0.016153 0.094411 0.019061
13.849559 0.016160 0.094435 0.019085
13.865727 0.016168 0.094457 0.019107
13.881902 0.016175 0.094479 0.019129
13.898085 0.016183 0.094500 0.019150
13.914276 0.016191 0.094520 0.019170
13.930474 0.016198 0.094539 0.019189
13.946681 0.016206 0.094557 0.019207
13.962895 0.016214 0.094574 0.019224
13.979117 0.016222 0.094590 0.019240
13.995346 0.016230 0.094605 0.019255
14.011584 0.016238 0.094619 0.019269
14.027830 0.016246 0.094631 0.019281
14.044084 0.016254 0.094643 0.019293
14.060346 0.016262 0.094654 0.019304
14.076616 0.016270 0.094663 0.019313
14.092895 0.016278 0.094672 0.019322
14.109182 0.016287 0.094680 0.019330
14.125477 0.016295 0.094686 0.019336
14.141780 0.016304 0.094692 0.019342
14.158093 0.016312 0.094696 0.019346
14.174413 0.016321 0.094700 0.019350
14.190743 0.016330 0.094703 0.019353
14.207081 0.016338 0.094705 0.019355
14.223428 0.016347 0.094706 0.019356
14.239784 0.016356 0.094706 0.019356
14.256149 0.016365 0.094705 0.019355
14.272523 0.016374 0.094703 0.019353
14.288907 0.016383 0.094701 0.019351
14.305299 0.016392 0.094698 0.019348
14.321701 0.016402 0.094694 0.019344
14.338112 0.016411 0.094689 0.019339
14.354532 0.016421 0.094684 0.019334
14.370963 0.016430 0.094678 0.019328
14.387402 0.016440 0.094671 0.019321
14.403852 0.016450 0.094663 0.019313
14.420312 0.016459 0.094655 0.019305
14.436781 0.016469 0.094646 0.019296
14.453260 0.016480 0.094636 0.019286
14.469750 0.016490 0.094626 0.019276
14.486250 0.016500 0.094614 0.019264
14.502760 0.016510 0.094602 0.019252
14.519281 0.016521 0.094589 0.019239
14.535812 0.016531 0.094575 0.019225
14.552354 0.016542 0.094561 0.019211
14.568907 0.016553 0.094546 0.019196
14.585471 0.016564 0.094530 0.019180
14.602045 0.016574 0.094512 0.019162
14.618631 0.016585 0.094494 0.019144
14.635227 0.016597 0.094475 0.019125
14.651835 0.016608 0.094454 0.019104
14.668454 0.016619 0.094431 0.019081
14.685084 0.016630 0.094407 0.019057
14.701726 0.016642 0.094382 0.019032
14.718379 0.016653 0.094356 0.019006
14.735044 0.016665 0.094328 0.018978
14.751720 0.016676 0.094299 0.018949
14.768408 0.016688 0.094268 0.018918
14.785107 0.016699 0.094236 0.018886
14.801818 0.016711 0.094203 0.018853
14.818541 0.016723 0.094168 0.018818
14.835276 0.016735 0.094131 0.018781
14.852022 0.016747 0.094093 0.018743
14.868781 0.016758 0.094053 0.018703
14.885551 0.016770 0.094012 0.018662
14.902333 0.016782 0.093969 0.018619
14.919127 0.016794 0.093925 0.018575
14.935934 0.016806 0.093878 0.018528
14.952752 0.016818 0.093831 0.018481
14.969582 0.016830 0.093782 0.018432
14.986424 0.016842 0.093731 0.018381
15.003279 0.016855 0.093678 0.018328
15.020146 0.016867 0.093625 0.018275
15.037024 0.016879 0.093570 0.018220
15.053915 0.016891 0.093513 0.018163
15.070819 0.016903 0.093455 0.018105
15.087734 0.016916 0.093396 0.018046
15.104662 0.016928 0.093336 0.017986
15.121603 0.016940 0.093275 0.017925
15.138556 0.016953 0.093212 0.017862
15.155521 0.016965 0.093148 0.017798
15.172498 0.016978 0.093083 0.017733
15.189488 0.016990 0.093017 0.017667
15.206491 0.017003 0.092950 0.017600
15.223506 0.017015 0.092882 0.017532
15.240534 0.017028 0.092812 0.017462
15.257574 0.017040 0.092742 0.017392
15.274627 0.017053 0.092671 0.017321
15.291693 0.017066 0.092599 0.017249
15.308771 0.017078 0.092526 0.017176
15.325863 0.017091 0.092452 0.017102
15.342967 0.017104 0.092378 0.017028
15.360083 0.017117 0.092302 0.016952
15.377213 0.017130 0.092226 0.016876
15.394355 0.017142 0.092149 0.016799
15.411502 0.017146 0.092072 0.016722
15.428646 0.017145 0.091994 0.016644
15.445789 0.017143 0.091915 0.016565
15.462930 0.017141 0.091837 0.016487
15.480070 0.017140 0.091757 0.016407
15.497208 0.017138 0.091678 0.016328
15.514344 0.017136 0.091598 0.016248
15.531478 0.017134 0.091517 0.016167
15.548611 0.017133 0.091436 0.016086
15.565742 0.017131 0.091355 0.016005
15.582871 0.017129 0.091273 0.015923
15.599999 0.017128 0.091192 0.015842
15.617124 0.017126 0.091109 0.015759
15.634249 0.017124 0.091027 0.015677
15.651371 0.017122 0.090944 0.015594
15.668492 0.017121 0.090860 0.015510
15.685611 0.017119 0.090777 0.015427
15.702728 0.017117 0.090693 0.015343
15.719843 0.017116 0.090609 0.015259
15.736957 0.017114 0.090525 0.015175
15.754069 0.017112 0.090440 0.015090
15.771179 0.017110 0.090356 0.015006
15.788288 0.017109 0.090271 0.014921
15.805395 0.017107 0.090185 0.014835
15.822500 0.017105 0.090100 0.014750
15.839604 0.017104 0.090014 0.014664
15.856706 0.017102 0.089928 0.014578
15.873806 0.017100 0.089841 0.014491
15.890904 0.017098 0.089754 0.014404
15.908000 0.017096 0.089666 0.014316
15.925094 0.017094 0.089578 0.014228
15.942187 0.017092 0.089490 0.014140
15.959277 0.017090 0.089401 0.014051
15.976365 0.017088 0.089311 0.013961
15.993452 0.017086 0.089221 0.013871
16.010536 0.017084 0.089130 0.013780
16.027618 0.017082 0.089038 0.013688
16.044698 0.017080 0.088946 0.013596
16.061776 0.017078 0.088853 0.013503
16.078851 0.017076 0.088760 0.013410
16.095925 0.017074 0.088666 0.013316
16.112997 0.017072 0.088571 0.013221
16.130066 0.017070 0.088476 0.013126
16.147134 0.017068 0.088380 0.013030
16.164199 0.017066 0.088283 0.012933
16.181263 0.017064 0.088185 0.012835
16.198324 0.017062 0.088087 0.012737
16.215384 0.017060 0.087989 0.012639
16.232442 0.017058 0.087889 0.012539
16.249498 0.017056 0.087789 0.012439
16.266553 0.017054 0.087688 0.012338
16.283606 0.017053 0.087587 0.012237
16.300657 0.017051 0.087485 0.012135
16.317706 0.017050 0.087382 0.012032
16.334754 0.017048 0.087279 0.011929
16.351801 0.017046 0.087175 0.011825
16.368846 0.017045 0.087070 0.011720
16.385889 0.017043 0.086965 0.011615
16.402931 0.017042 0.086859 0.011509
16.419972 0.017041 0.086753 0.011403
16.437011 0.017039 0.086646 0.011296
16.454049 0.017038 0.086538 0.011188
16.471086 0.017037 0.086431 0.011080
16.488121 0.017035 0.086322 0.010972
16.505155 0.017034 0.086213 0.010863
16.522187 0.017032 0.086104 0.010754
16.539217 0.017030 0.085995 0.010645
16.556245 0.017028 0.085885 0.010535
16.573271 0.017026 0.085774 0.010424
16.590295 0.017024 0.085664 0.010314
16.607317 0.017022 0.085553 0.010203
16.624336 0.017020 0.085442 0.010092
16.641354 0.017018 0.085331 0.009981
16.658369 0.017015 0.085219 0.009869
16.675383 0.017013 0.085108 0.009758
16.692394 0.017012 0.084996 0.009646
16.709404 0.017010 0.084884 0.009534
16.726412 0.017008 0.084773 0.009423
16.743418 0.017006 0.084661 0.009311
16.760422 0.017004 0.084549 0.009199
16.777424 0.017002 0.084436 0.009086
16.794425 0.017001 0.084324 0.008974
16.811424 0.016999 0.084212 0.008862
16.828422 0.016998 0.084100 0.008750
16.845418 0.016996 0.083988 0.008638
16.862413 0.016995 0.083876 0.008526
16.879407 0.016994 0.083764 0.008414
16.896399 0.016992 0.083652 0.008302
16.913390 0.016991 0.083540 0.008190
16.930381 0.016990 0.083428 0.008078
16.947370 0.016989 0.083316 0.007966
16.964358 0.016988 0.083204 0.007854
16.981345 0.016987 0.083093 0.007743
16.998332 0.016986 0.082981 0.007631
17.015317 0.016986 0.082870 0.007520
17.032301 0.016984 0.082759 0.007409
17.049283 0.016982 0.082648 0.007298
17.066263 0.016980 0.082538 0.007188
17.083241 0.016978 0.082428 0.007078
17.100218 0.016976 0.082320 0.006969
17.117192 0.016975 0.082211 0.006861
17.134165 0.016973 0.082103 0.006753
17.151137 0.016971 0.081995 0.006645
17.168107 0.016970 0.081887 0.006537
17.185075 0.016969 0.081779 0.006429
17.202043 0.016967 0.081672 0.006322
17.219009 0.016966 0.081564 0.006214
17.235974 0.016965 0.081457 0.006107
17.252938 0.016964 0.081349 0.005999
17.269901 0.016963 0.081242 0.005892
17.286864 0.016962 0.081135 0.005785
17.303826 0.016962 0.081027 0.005677
17.320787 0.016961 0.080920 0.005570
17.337748 0.016961 0.080813 0.005463
17.354708 0.016961 0.080705 0.005355
17.371669 0.016960 0.080598 0.005248
17.388629 0.016960 0.080490 0.005140
17.405589 0.016960 0.080382 0.005032
17.422549 0.016960 0.080273 0.004923
17.439510 0.016960 0.080165 0.004815
17.456471 0.016961 0.080056 0.004706
17.473432 0.016961 0.079947 0.004597
17.490393 0.016962 0.079838 0.004488
17.507356 0.016962 0.079729 0.004379
17.524319 0.016963 0.079619 0.004269
17.541283 0.016964 0.079509 0.004159
17.558248 0.016965 0.079398 0.004048
17.575213 0.016966 0.079287 0.003937
17.592180 0.016967 0.079176 0.003826
17.609148 0.016968 0.079065 0.003715
17.626117 0.016969 0.078953 0.003603
17.643088 0.016970 0.078841 0.003491
17.660059 0.016972 0.078729 0.003379
17.677032 0.016973 0.078617 0.003267
17.694007 0.016974 0.078505 0.003155
17.710983 0.016976 0.078394 0.003044
17.727960 0.016977 0.078283 0.002933
17.744939 0.016979 0.078172 0.002822
17.761919 0.016980 0.078061 0.002711
17.778901 0.016982 0.077951 0.002601
17.795884 0.016983 0.077840 0.002490
17.812869 0.016985 0.077730 0.002380
17.829855 0.016986 0.077621 0.002271
17.846842 0.016988 0.077511 0.002161
17.863831 0.016989 0.077402 0.002052
17.880822 0.016990 0.077293 0.001943
17.897814 0.016992 0.077184 0.001834
17.914807 0.016993 0.077075 0.001725
17.931802 0.016995 0.076967 0.001617
17.948799 0.016997 0.076859 0.001509
17.965797 0.016998 0.076752 0.001402
17.982797 0.017000 0.076645 0.001295
17.999799 0.017002 0.076539 0.001189
18.016802 0.017003 0.076434 0.001084
18.033807 0.017005 0.076329 0.000979
18.050814 0.017007 0.076224 0.000874
18.067821 0.017007 0.076121 0.000771
18.084828 0.017008 0.076018 0.000668
18.101836 0.017008 0.075915 0.000565
18.118845 0.017009 0.075814 0.000464
18.135854 0.017009 0.075713 0.000363
18.152864 0.017010 0.075613 0.000263
18.169875 0.017011 0.075513 0.000163
18.186887 0.017012 0.075415 0.000065
18.203899 0.017013 0.075317 -0.000033
18.220913 0.017014 0.075219 -0.000131
18.237928 0.017015 0.075123 -0.000227
18.254944 0.017016 0.075027 -0.000323
18.271961 0.017017 0.074932 -0.000418
18.288979 0.017018 0.074838 -0.000512
18.305999 0.017020 0.074744 -0.000606
18.323021 0.017021 0.074651 -0.000699
18.340044 0.017023 0.074559 -0.000791
18.357068 0.017025 0.074467 -0.000883
18.374095 0.017026 0.074375 -0.000975
18.391123 0.017028 0.074284 -0.001066
18.408153 0.017030 0.074194 -0.001156
18.425186 0.017032 0.074104 -0.001246
18.442220 0.017034 0.074015 -0.001335
18.459256 0.017036 0.073927 -0.001423
18.476295 0.017039 0.073839 -0.001511
18.493336 0.017041 0.073752 -0.001598
18.510379 0.017043 0.073665 -0.001685
18.527424 0.017045 0.073578 -0.001772
18.544472 0.017048 0.073492 -0.001858
18.561523 0.017050 0.073407 -0.001943
18.578575 0.017053 0.073322 -0.002028
18.595631 0.017055 0.073238 -0.002112
18.612689 0.017058 0.073154 -0.002196
18.629749 0.017060 0.073071 -0.002279
18.646812 0.017063 0.072989 -0.002361
18.663878 0.017066 0.072907 -0.002443
18.680947 0.017068 0.072826 -0.002524
18.698018 0.017071 0.072745 -0.002605
18.715092 0.017074 0.072665 -0.002685
18.732168 0.017077 0.072585 -0.002765
18.749248 0.017080 0.072505 -0.002845
18.766331 0.017082 0.072426 -0.002924
18.783416 0.017085 0.072348 -0.003002
18.800504 0.017088 0.072269 -0.003081
18.817596 0.017091 0.072192 -0.003158
18.834690 0.017094 0.072115 -0.003235
18.851788 0.017097 0.072038 -0.003312
18.868888 0.017100 0.071962 -0.003388
18.885992 0.017103 0.071887 -0.003463
18.903098 0.017106 0.071811 -0.003539
18.920208 0.017110 0.071736 -0.003614
18.937320 0.017113 0.071661 -0.003689
18.954436 0.017116 0.071586 -0.003764
18.971555 0.017119 0.071511 -0.003839
18.988677 0.017122 0.071436 -0.003914
19.005803 0.017125 0.071362 -0.003988
19.022931 0.017129 0.071287 -0.004063
19.040063 0.017132 0.071213 -0.004137
19.057198 0.017135 0.071139 -0.004211
19.074337 0.017138 0.071066 -0.004284
19.091478 0.017142 0.070992 -0.004358
19.108623 0.017145 0.070919 -0.004431
19.125771 0.017148 0.070846 -0.004504
19.142923 0.017152 0.070772 -0.004578
19.160078 0.017155 0.070699 -0.004651
19.177236 0.017158 0.070626 -0.004724
19.194397 0.017161 0.070553 -0.004797
19.211562 0.017165 0.070480 -0.004870
19.228730 0.017168 0.070407 -0.004943
19.245902 0.017172 0.070333 -0.005017
19.263077 0.017175 0.070260 -0.005090
19.280255 0.017178 0.070186 -0.005164
19.297435 0.017181 0.070112 -0.005238
19.314619 0.017183 0.070038 -0.005312
19.331805 0.017186 0.069963 -0.005387
19.348994 0.017189 0.069889 -0.005461
19.366186 0.017192 0.069815 -0.005535
19.383380 0.017195 0.069741 -0.005609
19.400578 0.017198 0.069667 -0.005683
19.417779 0.017201 0.069593 -0.005757
19.434982 0.017204 0.069520 -0.005830
19.452189 0.017207 0.069447 -0.005903
19.469399 0.017210 0.069375 -0.005975
19.486611 0.017213 0.069305 -0.006045
19.503827 0.017216 0.069235 -0.006115
19.521047 0.017219 0.069167 -0.006183
19.538269 0.017222 0.069100 -0.006250
19.555495 0.017226 0.069033 -0.006317
19.572724 0.017229 0.068967 -0.006383
19.589956 0.017232 0.068901 -0.006449
19.607192 0.017236 0.068836 -0.006514
19.624432 0.017239 0.068770 -0.006580
19.641675 0.017243 0.068704 -0.006646
19.658921 0.017247 0.068635 -0.006715
19.676171 0.017250 0.068564 -0.006786
19.693425 0.017254 0.068488 -0.006862
19.710683 0.017258 0.068405 -0.006945
19.727944 0.017262 0.068314 -0.007036
19.745210 0.017266 0.068217 -0.007133
19.762479 0.017269 0.068116 -0.007234
19.779752 0.017273 0.068011 -0.007339
19.797029 0.017277 0.067904 -0.007446
19.814310 0.017281 0.067793 -0.007557
19.831594 0.017285 0.067675 -0.007675
19.848883 0.017289 0.067552 -0.007798
19.866175 0.017293 0.067424 -0.007926
19.883472 0.017297 0.067290 -0.008060
19.900773 0.017301 0.067154 -0.008196
19.918078 0.017305 0.067021 -0.008329
19.935387 0.017309 0.066885 -0.008465
19.952700 0.017313 0.066753 -0.008597
19.970018 0.017317 0.066626 -0.008724
19.987339 0.017322 0.066513 -0.008837
20.004665 0.017326 0.066422 -0.008928
20.021995 0.017330 0.066363 -0.008987
20.039330 0.017334 0.066352 -0.008998
20.056653 0.017323 0.066396 -0.008954
20.073959 0.017306 0.066500 -0.008850
20.091260 0.017301 0.066680 -0.008670
20.108549 0.017290 0.066962 -0.008388
20.125816 0.017267 0.067351 -0.007999
20.143061 0.017245 0.067854 -0.007496
20.160291 0.017230 0.068479 -0.006871
20.177509 0.017218 0.069213 -0.006137
20.194712 0.017203 0.070018 -0.005332
20.211888 0.017176 0.070835 -0.004515
20.229038 0.017151 0.071617 -0.003733
20.246172 0.017134 0.072343 -0.003007
20.263297 0.017125 0.073001 -0.002349
20.280393 0.017095 0.073547 -0.001803
20.297456 0.017064 0.073967 -0.001383
20.314499 0.017042 0.074260 -0.001090
20.331528 0.017029 0.074451 -0.000899
20.348534 0.017006 0.074544 -0.000806
20.365506 0.016972 0.074572 -0.000778
20.382453 0.016947 0.074553 -0.000797
20.399384 0.016931 0.074502 -0.000848
20.416295 0.016911 0.074465 -0.000885
20.433173 0.016878 0.074427 -0.000923
20.450025 0.016852 0.074378 -0.000972
20.466861 0.016836 0.074320 -0.001030
20.483683 0.016822 0.074248 -0.001102
20.500479 0.016796 0.074162 -0.001188
20.517256 0.016777 0.074058 -0.001292
20.534017 0.016762 0.073933 -0.001417
20.550769 0.016752 0.073784 -0.001566
20.567497 0.016728 0.073614 -0.001736
20.584206 0.016708 0.073427 -0.001923
20.600900 0.016694 0.073223 -0.002127
20.617589 0.016689 0.073010 -0.002340
20.634258 0.016669 0.072792 -0.002558
20.650906 0.016649 0.072574 -0.002776
20.667542 0.016635 0.072359 -0.002991
20.684178 0.016636 0.072147 -0.003203
20.700796 0.016618 0.071939 -0.003411
20.717394 0.016598 0.071737 -0.003613
20.733980 0.016586 0.071540 -0.003810
20.750569 0.016589 0.071350 -0.004000
20.767142 0.016573 0.071165 -0.004185
20.783697 0.016554 0.070986 -0.004364
20.800241 0.016545 0.070811 -0.004539
20.816787 0.016546 0.070639 -0.004711
20.833319 0.016532 0.070470 -0.004880
20.849834 0.016514 0.070304 -0.005046
20.866339 0.016506 0.070141 -0.005209
20.882846 0.016507 0.069982 -0.005368
20.899339 0.016493 0.069826 -0.005524
20.915815 0.016476 0.069673 -0.005677
20.932283 0.016468 0.069525 -0.005825
20.948749 0.016466 0.069383 -0.005967
20.965203 0.016455 0.069247 -0.006103
20.981645 0.016441 0.069120 -0.006230
20.998079 0.016434 0.069002 -0.006348
21.014506 0.016428 0.068895 -0.006455
21.030912 0.016405 0.068798 -0.006552
21.047297 0.016386 0.068711 -0.006639
21.063682 0.016385 0.068631 -0.006719
21.080088 0.016406 0.068562 -0.006788
21.096485 0.016397 0.068506 -0.006844
21.112869 0.016384 0.068466 -0.006884
21.129246 0.016377 0.068439 -0.006911
21.145615 0.016369 0.068433 -0.006917
21.161989 0.016373 0.068444 -0.006906
21.178336 0.016347 0.068467 -0.006883
21.194663 0.016327 0.068498 -0.006852
21.210964 0.016300 0.068535 -0.006815
21.227240 0.016277 0.068573 -0.006777
21.243515 0.016274 0.068606 -0.006744
21.259774 0.016260 0.068635 -0.006715
21.276030 0.016256 0.068656 -0.006694
21.292293 0.016263 0.068671 -0.006679
21.308536 0.016243 0.068679 -0.006671
21.324769 0.016233 0.068679 -0.006671
21.340989 0.016219 0.068672 -0.006678
21.357177 0.016188 0.068658 -0.006692
21.373357 0.016180 0.068639 -0.006711
21.389543 0.016186 0.068616 -0.006734
21.405722 0.016180 0.068589 -0.006761
21.421865 0.016143 0.068562 -0.006788
21.437991 0.016126 0.068535 -0.006815
21.454126 0.016135 0.068508 -0.006842
21.470249 0.016123 0.068481 -0.006869
21.486336 0.016086 0.068458 -0.006892
21.502410 0.016074 0.068441 -0.006909
21.518488 0.016079 0.068428 -0.006922
21.534558 0.016070 0.068425 -0.006925
21.550587 0.016029 0.068434 -0.006916
21.566604 0.016017 0.068458 -0.006892
21.582626 0.016022 0.068499 -0.006851
21.598636 0.016009 0.068562 -0.006788
21.614606 0.015970 0.068653 -0.006697
21.630561 0.015956 0.068778 -0.006572
21.646515 0.015953 0.068939 -0.006411
21.662445 0.015931 0.069132 -0.006218
21.678333 0.015888 0.069352 -0.005998
21.694212 0.015878 0.069593 -0.005757
21.710086 0.015875 0.069848 -0.005502
21.725936 0.015850 0.070108 -0.005242
21.741745 0.015809 0.070366 -0.004984
21.757551 0.015806 0.070617 -0.004733
21.773352 0.015802 0.070856 -0.004494
21.789127 0.015775 0.071077 -0.004273
21.804865 0.015738 0.071275 -0.004075
21.820604 0.015738 0.071447 -0.003903
21.836339 0.015735 0.071590 -0.003760
21.852045 0.015706 0.071705 -0.003645
21.867727 0.015682 0.071790 -0.003560
21.883407 0.015680 0.071855 -0.003495
21.899085 0.015678 0.071899 -0.003451
21.914732 0.015648 0.071922 -0.003428
21.930367 0.015635 0.071926 -0.003424
21.946003 0.015636 0.071912 -0.003438
21.961639 0.015636 0.071882 -0.003468
21.977254 0.015615 0.071839 -0.003511
21.992859 0.015605 0.071782 -0.003568
22.008467 0.015608 0.071714 -0.003636
22.024078 0.015611 0.071637 -0.003713
22.039677 0.015598 0.071553 -0.003797
22.055272 0.015595 0.071464 -0.003886
22.070868 0.015596 0.071371 -0.003979
22.086477 0.015609 0.071276 -0.004074
22.102071 0.015594 0.071181 -0.004169
22.117671 0.015599 0.071087 -0.004263
22.133272 0.015601 0.070994 -0.004356
22.148883 0.015611 0.070903 -0.004447
22.164485 0.015602 0.070814 -0.004536
22.180094 0.015609 0.070728 -0.004622
22.195712 0.015618 0.070645 -0.004705
22.211331 0.015619 0.070564 -0.004786
22.226942 0.015611 0.070487 -0.004863
22.242565 0.015623 0.070413 -0.004937
22.258197 0.015632 0.070340 -0.005010
22.273816 0.015619 0.070265 -0.005085
22.289431 0.015616 0.070190 -0.005160
22.305029 0.015597 0.070115 -0.005235
22.320602 0.015573 0.070037 -0.005313
22.336120 0.015518 0.069958 -0.005392
22.351607 0.015487 0.069876 -0.005474
22.367080 0.015473 0.069790 -0.005560
22.382541 0.015461 0.069700 -0.005650
22.397959 0.015419 0.069606 -0.005744
22.413359 0.015400 0.069507 -0.005843
22.428749 0.015389 0.069403 -0.005947
22.444134 0.015385 0.069293 -0.006057
22.459491 0.015357 0.069182 -0.006168
22.474847 0.015356 0.069069 -0.006281
22.490217 0.015370 0.068954 -0.006396
22.505572 0.015355 0.068837 -0.006513
22.520886 0.015314 0.068718 -0.006632
22.536120 0.015233 0.068598 -0.006752
22.551282 0.015163 0.068478 -0.006872
22.566387 0.015104 0.068356 -0.006994
22.581436 0.015049 0.068234 -0.007116
22.596414 0.014978 0.068112 -0.007238
22.611347 0.014932 0.067990 -0.007360
22.626253 0.014907 0.067869 -0.007481
22.641148 0.014895 0.067749 -0.007601
22.656052 0.014905 0.067630 -0.007720
22.670982 0.014930 0.067512 -0.007838
22.685947 0.014965 0.067395 -0.007955
22.700960 0.015012 0.067280 -0.008070
22.716016 0.015056 0.067165 -0.008185
22.731115 0.015100 0.067052 -0.008298
22.746246 0.015131 0.066940 -0.008410
22.761411 0.015164 0.066829 -0.008521
22.776609 0.015199 0.066719 -0.008631
22.791845 0.015236 0.066611 -0.008739
22.807117 0.015271 0.066503 -0.008847
22.822429 0.015313 0.066397 -0.008953
22.837780 0.015351 0.066292 -0.009058
22.853172 0.015392 0.066187 -0.009163
22.868604 0.015432 0.066083 -0.009267
22.884077 0.015473 0.065979 -0.009371
22.899590 0.015512 0.065877 -0.009473
22.915134 0.015544 0.065776 -0.009574
22.930705 0.015572 0.065676 -0.009674
22.946306 0.015600 0.065576 -0.009774
22.961930 0.015624 0.065480 -0.009870
22.977575 0.015645 0.065387 -0.009963
22.993244 0.015669 0.065297 -0.010053
23.008934 0.015690 0.065210 -0.010140
23.024645 0.015711 0.065125 -0.010225
23.040377 0.015732 0.065043 -0.010307
23.056127 0.015751 0.064964 -0.010386
23.071897 0.015769 0.064886 -0.010464
23.087683 0.015786 0.064812 -0.010538
23.103488 0.015805 0.064742 -0.010608
23.119305 0.015817 0.064676 -0.010674
23.135134 0.015829 0.064614 -0.010736
23.150975 0.015841 0.064557 -0.010793
23.166826 0.015851 0.064507 -0.010843
23.182689 0.015863 0.064464 -0.010886
23.198564 0.015875 0.064429 -0.010921
23.214452 0.015888 0.064404 -0.010946
23.230352 0.015901 0.064390 -0.010960
23.246266 0.015914 0.064389 -0.010961
23.262196 0.015930 0.064403 -0.010947
23.278139 0.015944 0.064432 -0.010918
23.294098 0.015959 0.064479 -0.010871
23.310075 0.015977 0.064545 -0.010805
23.326067 0.015992 0.064630 -0.010720
23.342076 0.016009 0.064735 -0.010615
23.358101 0.016025 0.064862 -0.010488
23.374141 0.016040 0.065014 -0.010336
23.390196 0.016056 0.065192 -0.010158
23.406266 0.016070 0.065395 -0.009955
23.422350 0.016084 0.065623 -0.009727
23.438449 0.016099 0.065875 -0.009475
23.454561 0.016112 0.066150 -0.009200
23.470687 0.016126 0.066445 -0.008905
23.486827 0.016140 0.066754 -0.008596
23.502981 0.016153 0.067073 -0.008277
23.519147 0.016167 0.067396 -0.007954
23.535326 0.016179 0.067720 -0.007630
23.551518 0.016192 0.068038 -0.007312
23.567722 0.016204 0.068343 -0.007007
23.583938 0.016216 0.068622 -0.006728
23.600166 0.016228 0.068867 -0.006483
23.616405 0.016240 0.069074 -0.006276
23.632657 0.016252 0.069251 -0.006099
23.648922 0.016264 0.069403 -0.005947
23.665198 0.016276 0.069528 -0.005822
23.681486 0.016288 0.069629 -0.005721
23.697787 0.016301 0.069706 -0.005644
23.714100 0.016313 0.069753 -0.005597
23.730424 0.016325 0.069777 -0.005573
23.746761 0.016337 0.069782 -0.005568
23.763111 0.016349 0.069775 -0.005575
23.779471 0.016361 0.069759 -0.005591
23.795844 0.016373 0.069738 -0.005612
23.812229 0.016384 0.069715 -0.005635
23.828624 0.016396 0.069693 -0.005657
23.845031 0.016407 0.069665 -0.005685
23.861448 0.016418 0.069624 -0.005726
23.877877 0.016429 0.069575 -0.005775
23.894317 0.016440 0.069532 -0.005818
23.910770 0.016453 0.069490 -0.005860
23.927235 0.016465 0.069444 -0.005906
23.943711 0.016476 0.069392 -0.005958
23.960200 0.016489 0.069334 -0.006016
23.976697 0.016497 0.069272 -0.006078
23.993199 0.016503 0.069206 -0.006144
24.009708 0.016508 0.069137 -0.006213
24.026222 0.016514 0.069069 -0.006281
24.042743 0.016521 0.069002 -0.006348
24.059270 0.016527 0.068938 -0.006412
24.075803 0.016533 0.068877 -0.006473
24.092343 0.016540 0.068818 -0.006532
24.108889 0.016546 0.068759 -0.006591
24.125440 0.016552 0.068698 -0.006652
24.141980 0.016540 0.068635 -0.006715
24.158509 0.016529 0.068570 -0.006780
24.175029 0.016520 0.068508 -0.006842
24.191541 0.016512 0.068448 -0.006902
24.208047 0.016505 0.068393 -0.006957
24.224546 0.016500 0.068343 -0.007007
24.241041 0.016495 0.068298 -0.007052
24.257533 0.016492 0.068259 -0.007091
24.274022 0.016489 0.068224 -0.007126
24.290509 0.016487 0.068193 -0.007157
24.306993 0.016484 0.068168 -0.007182
24.323475 0.016482 0.068146 -0.007204
24.339956 0.016481 0.068128 -0.007222
24.356435 0.016479 0.068111 -0.007239
24.372914 0.016478 0.068093 -0.007257
24.389391 0.016478 0.068074 -0.007276
24.405869 0.016478 0.068051 -0.007299
24.422348 0.016479 0.068024 -0.007326
24.438828 0.016480 0.067993 -0.007357
24.455310 0.016482 0.067957 -0.007393
24.471795 0.016485 0.067915 -0.007435
24.488282 0.016487 0.067867 -0.007483
24.504773 0.016491 0.067814 -0.007536
24.521267 0.016494 0.067759 -0.007591
24.537766 0.016499 0.067702 -0.007648
24.554269 0.016503 0.067641 -0.007709
24.570777 0.016508 0.067575 -0.007775
24.587291 0.016514 0.067503 -0.007847
24.603811 0.016520 0.067424 -0.007926
24.620337 0.016526 0.067335 -0.008015
24.636870 0.016533 0.067238 -0.008112
24.653410 0.016540 0.067134 -0.008216
24.669958 0.016548 0.067025 -0.008325
24.686514 0.016556 0.066912 -0.008438
24.703077 0.016564 0.066793 -0.008557
24.719649 0.016572 0.066671 -0.008679
24.736229 0.016580 0.066542 -0.008808
24.752817 0.016588 0.066405 -0.008945
24.769414 0.016596 0.066261 -0.009089
24.786018 0.016604 0.066109 -0.009241
24.802630 0.016612 0.065951 -0.009399
24.819250 0.016620 0.065787 -0.009563
24.835877 0.016627 0.065618 -0.009732
24.852512 0.016634 0.065445 -0.009905
24.869154 0.016642 0.065269 -0.010081
24.885803 0.016649 0.065088 -0.010262
24.902460 0.016657 0.064903 -0.010447
24.919124 0.016664 0.064715 -0.010635
24.935796 0.016672 0.064522 -0.010828
24.952476 0.016680 0.064325 -0.011025
24.969164 0.016688 0.064123 -0.011227
24.985860 0.016696 0.063917 -0.011433
25.002565 0.016705 0.063708 -0.011642
25.019278 0.016713 0.063497 -0.011853
25.036000 0.016722 0.063286 -0.012064
25.052731 0.016731 0.063075 -0.012275
25.069471 0.016740 0.062865 -0.012485
25.086221 0.016749 0.062658 -0.012692
25.102979 0.016759 0.062455 -0.012895
25.119747 0.016768 0.062257 -0.013093
25.136525 0.016778 0.062064 -0.013286
25.153313 0.016788 0.061876 -0.013474
25.170110 0.016798 0.061696 -0.013654
25.186918 0.016808 0.061524 -0.013826
25.203736 0.016818 0.061360 -0.013990
25.220563 0.016828 0.061205 -0.014145
25.237401 0.016838 0.061059 -0.014291
25.254249 0.016848 0.060924 -0.014426
25.271108 0.016858 0.060799 -0.014551
25.287976 0.016868 0.060686 -0.014664
25.304854 0.016878 0.060584 -0.014766
25.321742 0.016888 0.060493 -0.014857
25.338639 0.016898 0.060412 -0.014938
25.355547 0.016907 0.060343 -0.015007
25.372464 0.016917 0.060284 -0.015066
25.389390 0.016926 0.060236 -0.015114
25.406324 0.016935 0.060199 -0.015151
25.423267 0.016943 0.060174 -0.015176
25.440217 0.016951 0.060161 -0.015189
25.457176 0.016959 0.060161 -0.015189
25.474142 0.016966 0.060175 -0.015175
25.491115 0.016973 0.060204 -0.015146
25.508095 0.016980 0.060248 -0.015102
25.525082 0.016987 0.060308 -0.015042
25.542075 0.016994 0.060385 -0.014965
25.559076 0.017001 0.060479 -0.014871
25.576083 0.017007 0.060590 -0.014760
25.593096 0.017013 0.060718 -0.014632
25.610116 0.017019 0.060862 -0.014488
25.627141 0.017025 0.061023 -0.014327
25.644172 0.017031 0.061199 -0.014151
25.661209 0.017037 0.061389 -0.013961
25.678251 0.017042 0.061592 -0.013758
25.695299 0.017047 0.061806 -0.013544
25.712352 0.017053 0.062031 -0.013319
25.729410 0.017058 0.062264 -0.013086
25.746472 0.017063 0.062504 -0.012846
25.763540 0.017068 0.062751 -0.012599
25.780612 0.017072 0.063002 -0.012348
25.797690 0.017078 0.063257 -0.012093
25.814773 0.017083 0.063516 -0.011834
25.831863 0.017090 0.063778 -0.011572
25.848959 0.017096 0.064041 -0.011309
25.866060 0.017102 0.064305 -0.011045
25.883168 0.017108 0.064567 -0.010783
25.900283 0.017114 0.064826 -0.010524
25.917404 0.017121 0.065080 -0.010270
25.934531 0.017128 0.065327 -0.010023
25.951665 0.017134 0.065565 -0.009785
25.968805 0.017140 0.065793 -0.009557
25.985952 0.017147 0.066009 -0.009341
26.003105 0.017153 0.066212 -0.009138
26.020264 0.017159 0.066401 -0.008949
26.037430 0.017165 0.066577 -0.008773
26.054601 0.017171 0.066739 -0.008611
26.071778 0.017177 0.066888 -0.008462
26.088961 0.017183 0.067023 -0.008327
26.106150 0.017189 0.067144 -0.008206
26.123344 0.017195 0.067250 -0.008100
26.140545 0.017201 0.067342 -0.008008
26.157753 0.017207 0.067419 -0.007931
26.174967 0.017214 0.067481 -0.007869
26.192187 0.017220 0.067530 -0.007820
26.209414 0.017227 0.067565 -0.007785
26.226647 0.017233 0.067584 -0.007766
26.243887 0.017240 0.067588 -0.007762
26.261133 0.017246 0.067576 -0.007774
26.278385 0.017252 0.067548 -0.007802
26.295643 0.017258 0.067506 -0.007844
26.312907 0.017264 0.067449 -0.007901
26.330177 0.017270 0.067380 -0.007970
26.347451 0.017275 0.067298 -0.008052
26.364731 0.017279 0.067205 -0.008145
26.382014 0.017284 0.067100 -0.008250
26.399302 0.017287 0.066987 -0.008363
26.416593 0.017291 0.066864 -0.008486
26.433888 0.017295 0.066734 -0.008616
26.451187 0.017299 0.066600 -0.008750
26.468489 0.017302 0.066461 -0.008889
26.485795 0.017306 0.066320 -0.009030
26.503105 0.017310 0.066177 -0.009173
26.520408 0.017303 0.066032 -0.009318
26.537693 0.017285 0.065886 -0.009464
26.554953 0.017260 0.065738 -0.009612
26.572188 0.017235 0.065590 -0.009760
26.589398 0.017210 0.065441 -0.009909
26.606584 0.017186 0.065292 -0.010058
26.623747 0.017163 0.065144 -0.010206
26.640889 0.017141 0.064997 -0.010353
26.658010 0.017121 0.064851 -0.010499
26.675113 0.017103 0.064708 -0.010642
26.692198 0.017086 0.064568 -0.010782
26.709267 0.017068 0.064431 -0.010919
26.726318 0.017051 0.064298 -0.011052
26.743351 0.017033 0.064171 -0.011179
26.760365 0.017014 0.064050 -0.011300
26.777360 0.016995 0.063935 -0.011415
26.794336 0.016976 0.063827 -0.011523
26.811292 0.016956 0.063727 -0.011623
26.828230 0.016938 0.063634 -0.011716
26.845151 0.016921 0.063550 -0.011800
26.862056 0.016905 0.063475 -0.011875
26.878946 0.016890 0.063408 -0.011942
26.895822 0.016877 0.063351 -0.011999
26.912687 0.016865 0.063305 -0.012045
26.929545 0.016858 0.063269 -0.012081
26.946398 0.016852 0.063243 -0.012107
26.963239 0.016841 0.063229 -0.012121
26.980065 0.016827 0.063226 -0.012124
26.996878 0.016813 0.063233 -0.012117
27.013677 0.016799 0.063252 -0.012098
27.030462 0.016785 0.063282 -0.012068
27.047234 0.016772 0.063321 -0.012029
27.063992 0.016758 0.063370 -0.011980
27.080737 0.016745 0.063428 -0.011922
27.097469 0.016732 0.063493 -0.011857
27.114188 0.016719 0.063566 -0.011784
27.130895 0.016707 0.063646 -0.011704
27.147589 0.016695 0.063731 -0.011619
27.164273 0.016683 0.063823 -0.011527
27.180946 0.016673 0.063919 -0.011431
27.197603 0.016658 0.064018 -0.011332
27.214246 0.016643 0.064122 -0.011228
27.230874 0.016628 0.064228 -0.011122
27.247489 0.016615 0.064337 -0.011013
27.264090 0.016602 0.064448 -0.010902
27.280680 0.016590 0.064560 -0.010790
27.297259 0.016578 0.064673 -0.010677
27.313826 0.016568 0.064787 -0.010563
27.330384 0.016558 0.064901 -0.010449
27.346933 0.016549 0.065016 -0.010334
27.363475 0.016542 0.065131 -0.010219
27.380012 0.016537 0.065247 -0.010103
27.396544 0.016532 0.065363 -0.009987
27.413073 0.016529 0.065479 -0.009871
27.429598 0.016526 0.065595 -0.009755
27.446122 0.016524 0.065712 -0.009638
27.462645 0.016523 0.065829 -0.009521
27.479168 0.016522 0.065947 -0.009403
27.495690 0.016523 0.066064 -0.009286
27.512214 0.016524 0.066182 -0.009168
27.528740 0.016526 0.066300 -0.009050
27.545268 0.016528 0.066419 -0.008931
27.561799 0.016531 0.066537 -0.008813
27.578334 0.016534 0.066654 -0.008696
27.594872 0.016538 0.066772 -0.008578
27.611414 0.016543 0.066888 -0.008462
27.627962 0.016548 0.067003 -0.008347
27.644516 0.016554 0.067117 -0.008233
27.661076 0.016561 0.067229 -0.008121
27.677644 0.016568 0.067338 -0.008012
27.694221 0.016576 0.067445 -0.007905
27.710806 0.016585 0.067549 -0.007801
27.727394 0.016588 0.067650 -0.007700
27.743985 0.016591 0.067747 -0.007603
27.760580 0.016595 0.067840 -0.007510
27.777179 0.016600 0.067930 -0.007420
27.793784 0.016604 0.068017 -0.007333
27.810393 0.016609 0.068099 -0.007251
27.827007 0.016614 0.068178 -0.007172
27.843628 0.016621 0.068252 -0.007098
27.860256 0.016628 0.068324 -0.007026
27.876890 0.016634 0.068391 -0.006959
27.893529 0.016638 0.068455 -0.006895
27.910170 0.016641 0.068516 -0.006834
27.926814 0.016644 0.068574 -0.006776
27.943458 0.016644 0.068629 -0.006721
27.960102 0.016644 0.068681 -0.006669
27.976747 0.016645 0.068732 -0.006618
27.993394 0.016647 0.068780 -0.006570
28.010050 0.016656 0.068827 -0.006523
28.026723 0.016672 0.068872 -0.006478
28.043383 0.016660 0.068917 -0.006433
28.060027 0.016644 0.068960 -0.006390
28.076662 0.016635 0.069003 -0.006347
28.093303 0.016642 0.069045 -0.006305
28.109954 0.016651 0.069089 -0.006261
28.126607 0.016653 0.069132 -0.006218
28.143257 0.016650 0.069177 -0.006173
28.159903 0.016646 0.069222 -0.006128
28.176542 0.016639 0.069270 -0.006080
28.193174 0.016632 0.069319 -0.006031
28.209795 0.016621 0.069370 -0.005980
28.226409 0.016614 0.069423 -0.005927
28.243018 0.016609 0.069480 -0.005870
28.259620 0.016602 0.069539 -0.005811
28.276214 0.016594 0.069602 -0.005748
28.292801 0.016587 0.069670 -0.005680
28.309382 0.016581 0.069742 -0.005608
28.325960 0.016577 0.069818 -0.005532
28.342535 0.016576 0.069900 -0.005450
28.359111 0.016576 0.069988 -0.005362
28.375687 0.016576 0.070081 -0.005269
28.392263 0.016576 0.070180 -0.005170
28.408838 0.016576 0.070286 -0.005064
28.425413 0.016575 0.070399 -0.004951
28.441987 0.016574 0.070520 -0.004830
28.458561 0.016573 0.070650 -0.004700
28.475135 0.016575 0.070788 -0.004562
28.491713 0.016578 0.070935 -0.004415
28.508295 0.016582 0.071089 -0.004261
28.524882 0.016587 0.071251 -0.004099
28.541474 0.016592 0.071419 -0.003931
28.558075 0.016601 0.071594 -0.003756
28.574683 0.016609 0.071771 -0.003579
28.591300 0.016616 0.071949 -0.003401
28.607922 0.016623 0.072127 -0.003223
28.624549 0.016626 0.072304 -0.003046
28.641179 0.016630 0.072479 -0.002871
28.657813 0.016634 0.072652 -0.002698
28.674451 0.016638 0.072819 -0.002531
28.691093 0.016642 0.072981 -0.002369
28.707738 0.016645 0.073138 -0.002212
28.724386 0.016648 0.073289 -0.002061
28.741036 0.016650 0.073433 -0.001917
28.757689 0.016652 0.073571 -0.001779
28.774344 0.016655 0.073704 -0.001646
28.791002 0.016658 0.073830 -0.001520
28.807664 0.016662 0.073948 -0.001402
28.824330 0.016666 0.074058 -0.001292
28.841000 0.016670 0.074158 -0.001192
28.857676 0.016675 0.074250 -0.001100
28.874354 0.016678 0.074333 -0.001017
28.891030 0.016676 0.074404 -0.000946
28.907705 0.016675 0.074463 -0.000887
28.924378 0.016673 0.074510 -0.000840
28.941050 0.016672 0.074547 -0.000803
28.957721 0.016671 0.074573 -0.000777
28.974391 0.016670 0.074589 -0.000761
28.991060 0.016669 0.074597 -0.000753
29.007729 0.016669 0.074596 -0.000754
29.024397 0.016668 0.074587 -0.000763
29.041065 0.016668 0.074571 -0.000779
29.057732 0.016667 0.074551 -0.000799
29.074398 0.016667 0.074529 -0.000821
29.091064 0.016666 0.074506 -0.000844
29.107729 0.016665 0.074481 -0.000869
29.124393 0.016664 0.074456 -0.000894
29.141057 0.016663 0.074430 -0.000920
29.157719 0.016662 0.074404 -0.000946
29.174380 0.016661 0.074379 -0.000971
29.191039 0.016660 0.074353 -0.000997
29.207697 0.016658 0.074329 -0.001021
29.224354 0.016657 0.074306 -0.001044
29.241010 0.016656 0.074285 -0.001065
29.257664 0.016655 0.074265 -0.001085
29.274318 0.016654 0.074248 -0.001102
29.290972 0.016653 0.074234 -0.001116
29.307624 0.016653 0.074223 -0.001127
29.324277 0.016653 0.074215 -0.001135
29.340929 0.016652 0.074209 -0.001141
29.357582 0.016652 0.074206 -0.001144
29.374234 0.016652 0.074205 -0.001145
29.390886 0.016653 0.074206 -0.001144
29.407539 0.016653 0.074209 -0.001141
29.424193 0.016653 0.074214 -0.001136
29.440847 0.016654 0.074221 -0.001129
29.457501 0.016654 0.074229 -0.001121
29.474155 0.016654 0.074239 -0.001111
29.490810 0.016655 0.074251 -0.001099
29.507466 0.016656 0.074265 -0.001085
29.524122 0.016657 0.074282 -0.001068
29.540780 0.016658 0.074300 -0.001050
29.557439 0.016659 0.074321 -0.001029
29.574100 0.016661 0.074344 -0.001006
29.590763 0.016663 0.074369 -0.000981
29.607427 0.016665 0.074397 -0.000953
29.624094 0.016667 0.074427 -0.000923
29.640763 0.016669 0.074461 -0.000889
29.657432 0.016669 0.074499 -0.000851
29.674102 0.016670 0.074540 -0.000810
29.690773 0.016671 0.074585 -0.000765
29.707445 0.016672 0.074634 -0.000716
29.724117 0.016673 0.074686 -0.000664
29.740791 0.016674 0.074742 -0.000608
29.757465 0.016674 0.074803 -0.000547
29.774141 0.016675 0.074867 -0.000483
29.790817 0.016676 0.074934 -0.000416
29.807495 0.016678 0.075004 -0.000346
29.824174 0.016679 0.075077 -0.000273
29.840855 0.016681 0.075152 -0.000198
29.857538 0.016682 0.075230 -0.000120
29.874222 0.016684 0.075311 -0.000039
29.890908 0.016686 0.075396 0.000046
29.907596 0.016688 0.075485 0.000135
29.924287 0.016691 0.075581 0.000231
29.940980 0.016693 0.075683 0.000333
29.957676 0.016696 0.075794 0.000444
29.974374 0.016698 0.075913 0.000563
29.991076 0.016702 0.076040 0.000690
30.000000 0.008924 0.076112 0.000762
