Gauge gauge_3 Location: X=1.0, Y=1.696
Time(s) dt(s) Depth(m) Elevation(m)
0.017486 0.017486 0.102579 0.000000
0.034972 0.017486 0.102579 0.000000
0.052459 0.017486 0.102579 0.000000
0.069945 0.017486 0.102579 0.000000
0.087431 0.017486 0.102579 0.000000
0.104917 0.017486 0.102579 0.000000
0.122403 0.017486 0.102579 0.000000
0.139889 0.017486 0.102579 0.000000
0.157375 0.017486 0.102579 -0.000000
0.174860 0.017485 0.102579 -0.000000
0.192345 0.017485 0.102579 -0.000000
0.209830 0.017485 0.102579 -0.000000
0.227314 0.017484 0.102579 -0.000000
0.244798 0.017484 0.102579 -0.000000
0.262282 0.017484 0.102579 -0.000000
0.279766 0.017484 0.102579 -0.000000
0.297249 0.017483 0.102579 -0.000000
0.314732 0.017483 0.102579 -0.000000
0.332215 0.017483 0.102579 -0.000000
0.349697 0.017483 0.102579 -0.000000
0.367180 0.017482 0.102579 -0.000000
0.384662 0.017482 0.102579 -0.000000
0.402144 0.017482 0.102579 -0.000000
0.419626 0.017482 0.102579 -0.000000
0.437107 0.017482 0.102579 -0.000000
0.454589 0.017482 0.102579 -0.000000
0.472071 0.017482 0.102579 -0.000000
0.489552 0.017482 0.102579 -0.000000
0.507034 0.017481 0.102579 -0.000000
0.524515 0.017481 0.102579 -0.000000
0.541996 0.017481 0.102579 -0.000000
0.559478 0.017481 0.102579 -0.000000
0.576959 0.017481 0.102579 -0.000000
0.594441 0.017481 0.102579 -0.000000
0.611922 0.017481 0.102579 -0.000000
0.629403 0.017481 0.102579 -0.000000
0.646885 0.017481 0.102579 -0.000000
0.664366 0.017481 0.102578 -0.000000
0.681848 0.017481 0.102578 -0.000000
0.699329 0.017482 0.102578 -0.000000
0.716811 0.017482 0.102578 -0.000000
0.734292 0.017482 0.102578 -0.000000
0.751774 0.017482 0.102578 -0.000001
0.769256 0.017482 0.102578 -0.000001
0.786738 0.017482 0.102578 -0.000001
0.804220 0.017482 0.102578 -0.000001
0.821702 0.017482 0.102578 -0.000001
0.839184 0.017482 0.102578 -0.000001
0.856666 0.017482 0.102577 -0.000001
0.874148 0.017482 0.102577 -0.000001
0.891630 0.017482 0.102578 -0.000001
0.909113 0.017482 0.102578 -0.000001
0.926595 0.017482 0.102578 -0.000001
0.944077 0.017482 0.102578 -0.000000
0.961560 0.017483 0.102579 0.000000
0.979043 0.017483 0.102580 0.000001
0.996525 0.017483 0.102581 0.000002
1.014008 0.017483 0.102582 0.000004
1.031491 0.017483 0.102584 0.000005
1.048973 0.017483 0.102586 0.000007
1.066456 0.017483 0.102588 0.000009
1.083939 0.017483 0.102590 0.000011
1.101422 0.017483 0.102592 0.000013
1.118905 0.017483 0.102594 0.000015
1.136388 0.017483 0.102596 0.000018
1.153870 0.017483 0.102598 0.000020
1.171353 0.017483 0.102600 0.000022
1.188836 0.017483 0.102602 0.000024
1.206319 0.017483 0.102604 0.000026
1.223802 0.017483 0.102606 0.000027
1.241284 0.017483 0.102608 0.000029
1.258767 0.017483 0.102609 0.000031
1.276250 0.017483 0.102610 0.000032
1.293732 0.017483 0.102611 0.000033
1.311215 0.017483 0.102612 0.000034
1.328697 0.017482 0.102613 0.000035
1.346180 0.017482 0.102614 0.000035
1.363662 0.017482 0.102614 0.000036
1.381144 0.017482 0.102615 0.000036
1.398627 0.017482 0.102615 0.000037
1.416109 0.017482 0.102616 0.000037
1.433591 0.017482 0.102616 0.000037
1.451073 0.017482 0.102616 0.000038
1.468555 0.017482 0.102617 0.000038
1.486037 0.017482 0.102617 0.000038
1.503519 0.017482 0.102617 0.000039
1.521001 0.017482 0.102617 0.000039
1.538482 0.017482 0.102617 0.000039
1.555964 0.017482 0.102618 0.000039
1.573446 0.017482 0.102618 0.000039
1.590927 0.017482 0.102617 0.000039
1.608409 0.017481 0.102617 0.000039
1.625890 0.017481 0.102617 0.000038
1.643371 0.017481 0.102616 0.000038
1.660852 0.017481 0.102616 0.000037
1.678333 0.017481 0.102615 0.000037
1.695814 0.017481 0.102614 0.000036
1.713295 0.017481 0.102614 0.000035
1.730776 0.017481 0.102613 0.000034
1.748257 0.017481 0.102612 0.000034
1.765738 0.017481 0.102612 0.000033
1.783218 0.017481 0.102611 0.000033
1.800699 0.017480 0.102611 0.000032
1.818179 0.017480 0.102610 0.000032
1.835659 0.017480 0.102610 0.000031
1.853139 0.017480 0.102610 0.000031
1.870620 0.017480 0.102610 0.000031
1.888100 0.017480 0.102609 0.000031
1.905579 0.017480 0.102609 0.000031
1.923059 0.017480 0.102609 0.000031
1.940539 0.017480 0.102609 0.000031
1.958019 0.017480 0.102609 0.000030
1.975498 0.017480 0.102609 0.000030
1.992978 0.017480 0.102609 0.000030
2.010457 0.017480 0.102609 0.000030
2.027937 0.017479 0.102609 0.000030
2.045416 0.017479 0.102609 0.000031
2.062896 0.017479 0.102609 0.000031
2.080375 0.017479 0.102609 0.000031
2.097855 0.017479 0.102609 0.000031
2.115334 0.017479 0.102609 0.000031
2.132813 0.017479 0.102609 0.000031
2.150293 0.017479 0.102610 0.000031
2.167772 0.017479 0.102610 0.000031
2.185252 0.017479 0.102610 0.000031
2.202731 0.017480 0.102610 0.000031
2.220211 0.017480 0.102610 0.000031
2.237691 0.017480 0.102610 0.000031
2.255170 0.017480 0.102610 0.000031
2.272650 0.017480 0.102609 0.000031
2.290131 0.017480 0.102609 0.000031
2.307611 0.017480 0.102609 0.000030
2.325092 0.017481 0.102608 0.000029
2.342572 0.017481 0.102607 0.000028
2.360053 0.017481 0.102605 0.000026
2.377535 0.017481 0.102603 0.000024
2.395017 0.017482 0.102601 0.000022
2.412499 0.017482 0.102598 0.000020
2.429981 0.017482 0.102596 0.000017
2.447464 0.017483 0.102593 0.000015
2.464948 0.017483 0.102591 0.000013
2.482431 0.017484 0.102589 0.000010
2.499916 0.017484 0.102587 0.000008
2.517401 0.017485 0.102585 0.000006
2.534886 0.017485 0.102583 0.000005
2.552371 0.017485 0.102582 0.000004
2.569857 0.017485 0.102581 0.000003
2.587342 0.017485 0.102581 0.000002
2.604827 0.017485 0.102581 0.000002
2.622313 0.017485 0.102581 0.000002
2.639798 0.017485 0.102581 0.000003
2.657283 0.017485 0.102582 0.000003
2.674768 0.017485 0.102582 0.000004
2.692253 0.017485 0.102583 0.000005
2.709739 0.017485 0.102584 0.000005
2.727224 0.017485 0.102585 0.000006
2.744709 0.017485 0.102586 0.000007
2.762194 0.017485 0.102587 0.000008
2.779679 0.017485 0.102588 0.000010
2.797164 0.017485 0.102590 0.000011
2.814649 0.017485 0.102591 0.000013
2.832134 0.017485 0.102593 0.000015
2.849619 0.017485 0.102596 0.000017
2.867104 0.017485 0.102598 0.000020
2.884589 0.017485 0.102601 0.000023
2.902074 0.017485 0.102605 0.000026
2.919559 0.017485 0.102608 0.000029
2.937044 0.017485 0.102612 0.000033
2.954529 0.017485 0.102616 0.000037
2.972014 0.017485 0.102620 0.000041
2.989499 0.017485 0.102623 0.000045
3.006984 0.017485 0.102627 0.000049
3.024469 0.017485 0.102631 0.000052
3.041954 0.017485 0.102634 0.000055
3.059439 0.017485 0.102637 0.000058
3.076924 0.017485 0.102640 0.000061
3.094409 0.017485 0.102642 0.000064
3.111894 0.017485 0.102644 0.000066
3.129380 0.017485 0.102646 0.000067
3.146865 0.017485 0.102647 0.000068
3.164350 0.017485 0.102648 0.000069
3.181835 0.017485 0.102648 0.000069
3.199320 0.017485 0.102648 0.000069
3.216805 0.017485 0.102647 0.000069
3.234291 0.017485 0.102646 0.000068
3.251776 0.017485 0.102645 0.000066
3.269261 0.017485 0.102643 0.000064
3.286747 0.017485 0.102641 0.000062
3.304232 0.017485 0.102638 0.000059
3.321717 0.017485 0.102635 0.000056
3.339203 0.017485 0.102631 0.000053
3.356688 0.017485 0.102627 0.000049
3.374174 0.017485 0.102623 0.000045
3.391659 0.017485 0.102618 0.000040
3.409144 0.017485 0.102613 0.000035
3.426630 0.017485 0.102608 0.000029
3.444115 0.017485 0.102602 0.000023
3.461601 0.017485 0.102596 0.000017
3.479086 0.017485 0.102589 0.000011
3.496572 0.017485 0.102582 0.000004
3.514057 0.017485 0.102575 -0.000004
3.531543 0.017485 0.102568 -0.000011
3.549028 0.017485 0.102560 -0.000019
3.566514 0.017485 0.102552 -0.000027
3.583999 0.017485 0.102543 -0.000035
3.601485 0.017485 0.102535 -0.000044
3.618970 0.017486 0.102526 -0.000053
3.636456 0.017486 0.102517 -0.000061
3.653941 0.017486 0.102508 -0.000070
3.671427 0.017486 0.102499 -0.000080
3.688913 0.017486 0.102490 -0.000089
3.706399 0.017486 0.102480 -0.000098
3.723885 0.017486 0.102471 -0.000108
3.741371 0.017486 0.102462 -0.000117
3.758858 0.017487 0.102452 -0.000127
3.776345 0.017487 0.102443 -0.000136
3.793832 0.017487 0.102433 -0.000145
3.811320 0.017487 0.102424 -0.000155
3.828807 0.017488 0.102414 -0.000164
3.846296 0.017488 0.102405 -0.000174
3.863784 0.017488 0.102396 -0.000183
3.881272 0.017488 0.102386 -0.000192
3.898760 0.017488 0.102377 -0.000201
3.916247 0.017487 0.102368 -0.000210
3.933734 0.017487 0.102359 -0.000219
3.951221 0.017487 0.102351 -0.000228
3.968707 0.017486 0.102342 -0.000237
3.986193 0.017486 0.102333 -0.000245
4.003679 0.017486 0.102325 -0.000254
4.021165 0.017486 0.102317 -0.000262
4.038650 0.017485 0.102309 -0.000270
4.056135 0.017485 0.102301 -0.000278
4.073620 0.017485 0.102293 -0.000286
4.091104 0.017485 0.102285 -0.000293
4.108588 0.017484 0.102278 -0.000301
4.126073 0.017484 0.102270 -0.000308
4.143557 0.017484 0.102263 -0.000316
4.161041 0.017484 0.102255 -0.000323
4.178525 0.017484 0.102248 -0.000331
4.196008 0.017484 0.102240 -0.000339
4.213492 0.017484 0.102232 -0.000346
4.230976 0.017484 0.102225 -0.000354
4.248460 0.017484 0.102217 -0.000362
4.265944 0.017484 0.102209 -0.000370
4.283427 0.017484 0.102201 -0.000378
4.300911 0.017484 0.102192 -0.000386
4.318395 0.017484 0.102184 -0.000395
4.335880 0.017484 0.102175 -0.000404
4.353364 0.017484 0.102165 -0.000413
4.370848 0.017484 0.102155 -0.000423
4.388333 0.017485 0.102145 -0.000434
4.405818 0.017485 0.102134 -0.000445
4.423303 0.017485 0.102122 -0.000457
4.440788 0.017485 0.102109 -0.000469
4.458273 0.017485 0.102096 -0.000483
4.475759 0.017486 0.102081 -0.000497
4.493245 0.017486 0.102066 -0.000513
4.510732 0.017486 0.102050 -0.000529
4.528218 0.017487 0.102033 -0.000546
4.545705 0.017487 0.102015 -0.000563
4.563191 0.017487 0.101997 -0.000582
4.580678 0.017486 0.101978 -0.000601
4.598164 0.017486 0.101958 -0.000620
4.615650 0.017486 0.101938 -0.000640
4.633137 0.017486 0.101918 -0.000661
4.650623 0.017486 0.101897 -0.000682
4.668109 0.017486 0.101876 -0.000703
4.685596 0.017486 0.101854 -0.000724
4.703082 0.017487 0.101832 -0.000746
4.720569 0.017487 0.101810 -0.000768
4.738056 0.017487 0.101788 -0.000791
4.755543 0.017487 0.101765 -0.000813
4.773031 0.017487 0.101742 -0.000836
4.790518 0.017488 0.101719 -0.000859
4.808006 0.017488 0.101696 -0.000883
4.825494 0.017488 0.101672 -0.000907
4.842982 0.017488 0.101648 -0.000931
4.860471 0.017489 0.101623 -0.000955
4.877960 0.017489 0.101599 -0.000980
4.895449 0.017489 0.101574 -0.001004
4.912938 0.017490 0.101549 -0.001029
4.930428 0.017490 0.101525 -0.001054
4.947919 0.017490 0.101500 -0.001079
4.965409 0.017491 0.101475 -0.001104
4.982900 0.017491 0.101450 -0.001128
5.000392 0.017491 0.101426 -0.001153
5.017883 0.017492 0.101402 -0.001177
5.035376 0.017492 0.101378 -0.001201
5.052868 0.017492 0.101354 -0.001224
5.070360 0.017493 0.101331 -0.001247
5.087853 0.017493 0.101308 -0.001270
5.105346 0.017493 0.101285 -0.001293
5.122840 0.017493 0.101263 -0.001316
5.140333 0.017494 0.101240 -0.001338
5.157827 0.017494 0.101218 -0.001361
5.175321 0.017494 0.101195 -0.001383
5.192816 0.017494 0.101173 -0.001406
5.210310 0.017495 0.101151 -0.001428
5.227805 0.017495 0.101128 -0.001451
5.245300 0.017495 0.101106 -0.001473
5.262795 0.017495 0.101083 -0.001495
5.280290 0.017495 0.101061 -0.001518
5.297786 0.017496 0.101039 -0.001540
5.315282 0.017496 0.101016 -0.001562
5.332778 0.017496 0.100994 -0.001584
5.350274 0.017496 0.100973 -0.001606
5.367770 0.017496 0.100951 -0.001627
5.385267 0.017497 0.100930 -0.001648
5.402763 0.017497 0.100909 -0.001669
5.420260 0.017497 0.100889 -0.001690
5.437758 0.017497 0.100869 -0.001710
5.455255 0.017498 0.100849 -0.001729
5.472753 0.017498 0.100830 -0.001749
5.490251 0.017498 0.100811 -0.001768
5.507750 0.017498 0.100792 -0.001786
5.525248 0.017499 0.100774 -0.001804
5.542747 0.017499 0.100756 -0.001822
5.560247 0.017499 0.100739 -0.001840
5.577746 0.017500 0.100721 -0.001857
5.595246 0.017500 0.100704 -0.001874
5.612746 0.017500 0.100687 -0.001891
5.630246 0.017500 0.100671 -0.001908
5.647746 0.017500 0.100654 -0.001924
5.665247 0.017500 0.100638 -0.001941
5.682747 0.017500 0.100621 -0.001957
5.700247 0.017500 0.100605 -0.001973
5.717747 0.017500 0.100589 -0.001990
5.735247 0.017500 0.100573 -0.002006
5.752748 0.017500 0.100556 -0.002022
5.770248 0.017500 0.100540 -0.002038
5.787749 0.017501 0.100524 -0.002055
5.805249 0.017501 0.100508 -0.002071
5.822750 0.017501 0.100491 -0.002087
5.840251 0.017501 0.100475 -0.002103
5.857752 0.017501 0.100459 -0.002120
5.875254 0.017501 0.100443 -0.002136
5.892755 0.017502 0.100427 -0.002152
5.910257 0.017502 0.100411 -0.002168
5.927759 0.017502 0.100395 -0.002184
5.945262 0.017502 0.100378 -0.002200
5.962764 0.017503 0.100363 -0.002216
5.980267 0.017503 0.100347 -0.002232
5.997770 0.017503 0.100331 -0.002248
6.015274 0.017504 0.100315 -0.002264
6.032778 0.017504 0.100299 -0.002279
6.050282 0.017504 0.100283 -0.002295
6.067786 0.017505 0.100268 -0.002311
6.085291 0.017505 0.100252 -0.002326
6.102797 0.017505 0.100237 -0.002342
6.120302 0.017506 0.100221 -0.002357
6.137808 0.017506 0.100206 -0.002372
6.155314 0.017506 0.100191 -0.002388
6.172820 0.017506 0.100176 -0.002403
6.190327 0.017507 0.100161 -0.002418
6.207834 0.017507 0.100146 -0.002432
6.225342 0.017507 0.100132 -0.002447
6.242850 0.017508 0.100117 -0.002462
6.260358 0.017508 0.100103 -0.002476
6.277866 0.017508 0.100089 -0.002490
6.295374 0.017508 0.100075 -0.002504
6.312883 0.017509 0.100061 -0.002518
6.330392 0.017509 0.100047 -0.002531
6.347901 0.017509 0.100034 -0.002545
6.365411 0.017509 0.100021 -0.002558
6.382920 0.017510 0.100008 -0.002571
6.400430 0.017510 0.099995 -0.002584
6.417940 0.017510 0.099982 -0.002596
6.435450 0.017510 0.099970 -0.002609
6.452961 0.017511 0.099957 -0.002621
6.470472 0.017511 0.099945 -0.002634
6.487983 0.017511 0.099933 -0.002646
6.505494 0.017511 0.099921 -0.002657
6.523005 0.017511 0.099910 -0.002669
6.540517 0.017512 0.099898 -0.002680
6.558029 0.017512 0.099887 -0.002691
6.575541 0.017512 0.099876 -0.002702
6.593053 0.017512 0.099866 -0.002713
6.610566 0.017512 0.099855 -0.002723
6.628078 0.017513 0.099845 -0.002734
6.645591 0.017513 0.099834 -0.002744
6.663104 0.017513 0.099824 -0.002754
6.680617 0.017513 0.099814 -0.002765
6.698131 0.017513 0.099804 -0.002774
6.715644 0.017514 0.099794 -0.002784
6.733158 0.017514 0.099785 -0.002794
6.750672 0.017514 0.099775 -0.002804
6.768186 0.017514 0.099765 -0.002813
6.785701 0.017514 0.099756 -0.002823
6.803215 0.017515 0.099747 -0.002832
6.820730 0.017515 0.099737 -0.002841
6.838245 0.017515 0.099728 -0.002850
6.855761 0.017515 0.099719 -0.002859
6.873276 0.017516 0.099710 -0.002868
6.890792 0.017516 0.099702 -0.002877
6.908308 0.017516 0.099693 -0.002885
6.925824 0.017516 0.099685 -0.002894
6.943341 0.017516 0.099677 -0.002902
6.960858 0.017517 0.099669 -0.002910
6.978375 0.017517 0.099661 -0.002918
6.995892 0.017517 0.099653 -0.002926
7.013409 0.017517 0.099645 -0.002933
7.030926 0.017517 0.099638 -0.002940
7.048443 0.017517 0.099631 -0.002948
7.065960 0.017517 0.099624 -0.002954
7.083478 0.017517 0.099617 -0.002961
7.100995 0.017517 0.099611 -0.002968
7.118512 0.017517 0.099605 -0.002974
7.136030 0.017517 0.099599 -0.002980
7.153547 0.017517 0.099593 -0.002986
7.171065 0.017518 0.099587 -0.002992
7.188582 0.017518 0.099581 -0.002997
7.206100 0.017518 0.099576 -0.003002
7.223618 0.017518 0.099571 -0.003008
7.241136 0.017518 0.099566 -0.003013
7.258655 0.017518 0.099561 -0.003017
7.276173 0.017518 0.099556 -0.003022
7.293691 0.017518 0.099552 -0.003027
7.311209 0.017518 0.099547 -0.003031
7.328728 0.017518 0.099543 -0.003036
7.346246 0.017518 0.099538 -0.003040
7.363764 0.017518 0.099534 -0.003045
7.381282 0.017518 0.099530 -0.003049
7.398801 0.017518 0.099525 -0.003053
7.416319 0.017518 0.099521 -0.003058
7.433838 0.017518 0.099516 -0.003062
7.451356 0.017519 0.099512 -0.003067
7.468875 0.017519 0.099507 -0.003071
7.486394 0.017519 0.099503 -0.003076
7.503912 0.017519 0.099498 -0.003081
7.521431 0.017519 0.099493 -0.003085
7.538950 0.017519 0.099488 -0.003090
7.556469 0.017519 0.099483 -0.003095
7.573988 0.017519 0.099478 -0.003101
7.591507 0.017519 0.099473 -0.003106
7.609026 0.017519 0.099467 -0.003111
7.626545 0.017519 0.099462 -0.003117
7.644064 0.017519 0.099456 -0.003123
7.661584 0.017519 0.099450 -0.003128
7.679103 0.017520 0.099445 -0.003134
7.696623 0.017520 0.099439 -0.003139
7.714143 0.017520 0.099434 -0.003145
7.731663 0.017520 0.099429 -0.003150
7.749183 0.017520 0.099424 -0.003155
7.766703 0.017520 0.099419 -0.003160
7.784224 0.017520 0.099414 -0.003164
7.801744 0.017521 0.099410 -0.003169
7.819265 0.017521 0.099406 -0.003173
7.836786 0.017521 0.099402 -0.003176
7.854307 0.017521 0.099399 -0.003179
7.871829 0.017521 0.099397 -0.003182
7.889350 0.017522 0.099395 -0.003184
7.906872 0.017522 0.099393 -0.003186
7.924394 0.017522 0.099392 -0.003187
7.941916 0.017522 0.099392 -0.003187
7.959438 0.017522 0.099392 -0.003187
7.976961 0.017523 0.099393 -0.003186
7.994484 0.017523 0.099395 -0.003184
8.012006 0.017523 0.099397 -0.003181
8.029530 0.017523 0.099401 -0.003178
8.047053 0.017523 0.099405 -0.003173
8.064576 0.017524 0.099411 -0.003168
8.082100 0.017524 0.099417 -0.003162
8.099624 0.017524 0.099424 -0.003154
8.117148 0.017524 0.099433 -0.003146
8.134672 0.017524 0.099442 -0.003136
8.152196 0.017524 0.099453 -0.003125
8.169721 0.017524 0.099466 -0.003113
8.187245 0.017524 0.099479 -0.003099
8.204770 0.017525 0.099494 -0.003084
8.222294 0.017525 0.099511 -0.003068
8.239819 0.017525 0.099529 -0.003050
8.257344 0.017525 0.099548 -0.003031
8.274869 0.017525 0.099569 -0.003010
8.292394 0.017525 0.099590 -0.002988
8.309920 0.017525 0.099613 -0.002965
8.327445 0.017525 0.099638 -0.002941
8.344967 0.017521 0.099663 -0.002915
8.362483 0.017516 0.099690 -0.002889
8.379993 0.017511 0.099718 -0.002861
8.397498 0.017505 0.099747 -0.002832
8.414998 0.017500 0.099777 -0.002802
8.432492 0.017494 0.099808 -0.002771
8.449981 0.017489 0.099840 -0.002738
8.467464 0.017483 0.099874 -0.002705
8.484942 0.017478 0.099908 -0.002671
8.502414 0.017472 0.099943 -0.002635
8.519880 0.017466 0.099979 -0.002599
8.537340 0.017460 0.100017 -0.002562
8.554794 0.017454 0.100055 -0.002524
8.572242 0.017448 0.100094 -0.002485
8.589683 0.017442 0.100134 -0.002445
8.607119 0.017436 0.100174 -0.002404
8.624548 0.017429 0.100215 -0.002363
8.641971 0.017423 0.100257 -0.002321
8.659387 0.017416 0.100300 -0.002279
8.676796 0.017409 0.100343 -0.002235
8.694198 0.017402 0.100387 -0.002192
8.711594 0.017395 0.100431 -0.002148
8.728982 0.017388 0.100475 -0.002103
8.746362 0.017381 0.100520 -0.002059
8.763735 0.017373 0.100565 -0.002014
8.781100 0.017365 0.100610 -0.001969
8.798457 0.017357 0.100655 -0.001923
8.815806 0.017349 0.100701 -0.001878
8.833147 0.017341 0.100747 -0.001832
8.850479 0.017332 0.100793 -0.001786
8.867802 0.017323 0.100838 -0.001740
8.885116 0.017314 0.100884 -0.001695
8.902421 0.017305 0.100930 -0.001649
8.919717 0.017295 0.100975 -0.001603
8.937002 0.017286 0.101021 -0.001558
8.954278 0.017276 0.101066 -0.001512
8.971543 0.017265 0.101112 -0.001467
8.988798 0.017255 0.101157 -0.001422
9.006043 0.017244 0.101202 -0.001377
9.023276 0.017233 0.101247 -0.001332
9.040499 0.017222 0.101291 -0.001287
9.057710 0.017211 0.101336 -0.001243
9.074909 0.017199 0.101380 -0.001198
9.092097 0.017188 0.101424 -0.001154
9.109272 0.017176 0.101468 -0.001110
9.126436 0.017163 0.101512 -0.001066
9.143587 0.017151 0.101556 -0.001023
9.160725 0.017139 0.101599 -0.000979
9.177851 0.017126 0.101643 -0.000936
9.194964 0.017113 0.101686 -0.000893
9.212063 0.017100 0.101729 -0.000849
9.229150 0.017086 0.101772 -0.000806
9.246223 0.017073 0.101816 -0.000763
9.263282 0.017059 0.101859 -0.000720
9.280328 0.017046 0.101902 -0.000677
9.297360 0.017032 0.101945 -0.000634
9.314378 0.017018 0.101988 -0.000590
9.331382 0.017004 0.102032 -0.000547
9.348371 0.016990 0.102076 -0.000503
9.365347 0.016976 0.102120 -0.000458
9.382308 0.016961 0.102165 -0.000414
9.399255 0.016947 0.102210 -0.000369
9.416188 0.016933 0.102255 -0.000323
9.433106 0.016918 0.102302 -0.000277
9.450009 0.016904 0.102349 -0.000230
9.466898 0.016889 0.102396 -0.000182
9.483773 0.016875 0.102445 -0.000134
9.500633 0.016860 0.102494 -0.000084
9.517479 0.016846 0.102545 -0.000034
9.534310 0.016831 0.102597 0.000018
9.551127 0.016817 0.102650 0.000071
9.567929 0.016802 0.102704 0.000125
9.584717 0.016788 0.102759 0.000180
9.601491 0.016774 0.102816 0.000237
9.618251 0.016760 0.102874 0.000296
9.634997 0.016746 0.102934 0.000356
9.651728 0.016732 0.102996 0.000417
9.668446 0.016718 0.103059 0.000481
9.685150 0.016704 0.103124 0.000546
9.701840 0.016690 0.103191 0.000613
9.718516 0.016676 0.103260 0.000682
9.735179 0.016663 0.103331 0.000752
9.751829 0.016650 0.103404 0.000825
9.768465 0.016636 0.103479 0.000900
9.785088 0.016623 0.103556 0.000977
9.801698 0.016610 0.103635 0.001056
9.818295 0.016597 0.103716 0.001138
9.834879 0.016584 0.103800 0.001221
9.851451 0.016571 0.103885 0.001307
9.868010 0.016559 0.103973 0.001395
9.884556 0.016546 0.104063 0.001485
9.901090 0.016534 0.104156 0.001577
9.917612 0.016522 0.104250 0.001671
9.934122 0.016510 0.104346 0.001768
9.950620 0.016498 0.104445 0.001867
9.967106 0.016486 0.104546 0.001967
9.983581 0.016474 0.104649 0.002070
10.000044 0.016463 0.104754 0.002175
10.016495 0.016451 0.104861 0.002282
10.032935 0.016440 0.104970 0.002391
10.049364 0.016429 0.105080 0.002502
10.065782 0.016418 0.105193 0.002614
10.082188 0.016407 0.105308 0.002729
10.098584 0.016396 0.105424 0.002845
10.114969 0.016385 0.105542 0.002963
10.131344 0.016375 0.105661 0.003083
10.147708 0.016364 0.105782 0.003204
10.164062 0.016354 0.105905 0.003326
10.180405 0.016343 0.106028 0.003450
10.196738 0.016333 0.106153 0.003575
10.213061 0.016323 0.106279 0.003701
10.229374 0.016313 0.106407 0.003828
10.245677 0.016303 0.106535 0.003956
10.261971 0.016293 0.106664 0.004085
10.278255 0.016284 0.106793 0.004215
10.294529 0.016274 0.106924 0.004345
10.310793 0.016265 0.107055 0.004476
10.327049 0.016255 0.107186 0.004607
10.343294 0.016246 0.107318 0.004739
10.359531 0.016237 0.107450 0.004871
10.375759 0.016227 0.107582 0.005003
10.391977 0.016218 0.107714 0.005135
10.408186 0.016209 0.107846 0.005267
10.424387 0.016200 0.107978 0.005400
10.440578 0.016191 0.108110 0.005531
10.456761 0.016183 0.108242 0.005663
10.472935 0.016174 0.108373 0.005794
10.489100 0.016165 0.108504 0.005925
10.505256 0.016157 0.108634 0.006056
10.521405 0.016148 0.108764 0.006185
10.537544 0.016140 0.108893 0.006315
10.553675 0.016131 0.109022 0.006443
10.569798 0.016123 0.109149 0.006571
10.585913 0.016115 0.109276 0.006698
10.602019 0.016106 0.109402 0.006824
10.618117 0.016098 0.109528 0.006949
10.634207 0.016090 0.109652 0.007073
10.650289 0.016082 0.109775 0.007197
10.666363 0.016074 0.109898 0.007319
10.682429 0.016066 0.110019 0.007441
10.698487 0.016058 0.110140 0.007561
10.714538 0.016050 0.110259 0.007680
10.730580 0.016043 0.110377 0.007799
10.746616 0.016035 0.110495 0.007916
10.762643 0.016028 0.110611 0.008033
10.778663 0.016020 0.110727 0.008148
10.794676 0.016013 0.110841 0.008262
10.810682 0.016006 0.110954 0.008376
10.826680 0.015998 0.111066 0.008488
10.842671 0.015991 0.111178 0.008599
10.858655 0.015984 0.111288 0.008709
10.874632 0.015977 0.111397 0.008819
10.890602 0.015970 0.111506 0.008927
10.906565 0.015963 0.111613 0.009034
10.922521 0.015956 0.111719 0.009141
10.938470 0.015949 0.111825 0.009246
10.954413 0.015943 0.111929 0.009351
10.970349 0.015936 0.112033 0.009455
10.986279 0.015930 0.112136 0.009557
11.002202 0.015923 0.112238 0.009659
11.018120 0.015917 0.112339 0.009760
11.034031 0.015911 0.112439 0.009861
11.049935 0.015905 0.112539 0.009960
11.065834 0.015899 0.112637 0.010059
11.081727 0.015893 0.112735 0.010156
11.097615 0.015887 0.112832 0.010254
11.113496 0.015882 0.112929 0.010350
11.129372 0.015876 0.113024 0.010446
11.145242 0.015870 0.113119 0.010541
11.161107 0.015865 0.113214 0.010635
11.176967 0.015859 0.113308 0.010729
11.192821 0.015854 0.113401 0.010823
11.208669 0.015849 0.113494 0.010916
11.224513 0.015844 0.113586 0.011008
11.240351 0.015839 0.113678 0.011100
11.256185 0.015834 0.113770 0.011191
11.272014 0.015829 0.113861 0.011282
11.287838 0.015824 0.113951 0.011373
11.303657 0.015819 0.114041 0.011463
11.319472 0.015815 0.114131 0.011553
11.335282 0.015810 0.114220 0.011642
11.351088 0.015806 0.114309 0.011731
11.366890 0.015802 0.114398 0.011819
11.382687 0.015798 0.114485 0.011907
11.398481 0.015793 0.114573 0.011994
11.414270 0.015789 0.114660 0.012081
11.430056 0.015786 0.114746 0.012168
11.445837 0.015782 0.114832 0.012254
11.461616 0.015778 0.114918 0.012339
11.477390 0.015774 0.115003 0.012424
11.493161 0.015771 0.115087 0.012508
11.508929 0.015768 0.115171 0.012592
11.524693 0.015764 0.115254 0.012676
11.540454 0.015761 0.115337 0.012758
11.556212 0.015758 0.115419 0.012841
11.571967 0.015755 0.115501 0.012923
11.587720 0.015752 0.115582 0.013004
11.603469 0.015750 0.115663 0.013084
11.619216 0.015747 0.115743 0.013165
11.634960 0.015744 0.115823 0.013244
11.650702 0.015742 0.115901 0.013323
11.666442 0.015739 0.115980 0.013401
11.682179 0.015737 0.116057 0.013478
11.697913 0.015735 0.116133 0.013555
11.713646 0.015732 0.116209 0.013630
11.729376 0.015730 0.116283 0.013704
11.745104 0.015728 0.116356 0.013777
11.760830 0.015726 0.116428 0.013849
11.776553 0.015724 0.116499 0.013920
11.792275 0.015721 0.116569 0.013990
11.807994 0.015719 0.116639 0.014060
11.823711 0.015717 0.116708 0.014129
11.839427 0.015715 0.116776 0.014197
11.855140 0.015714 0.116844 0.014265
11.870852 0.015712 0.116912 0.014333
11.886562 0.015710 0.116979 0.014400
11.902270 0.015708 0.117047 0.014468
11.917977 0.015707 0.117114 0.014535
11.933682 0.015705 0.117181 0.014603
11.949386 0.015704 0.117248 0.014670
11.965088 0.015702 0.117314 0.014736
11.980789 0.015701 0.117380 0.014801
11.996488 0.015700 0.117444 0.014866
12.012186 0.015698 0.117508 0.014929
12.027883 0.015697 0.117571 0.014992
12.043580 0.015696 0.117632 0.015054
12.059275 0.015695 0.117693 0.015114
12.074969 0.015694 0.117752 0.015174
12.090662 0.015693 0.117811 0.015232
12.106355 0.015693 0.117869 0.015290
12.122047 0.015692 0.117926 0.015347
12.137738 0.015691 0.117982 0.015403
12.153429 0.015691 0.118037 0.015459
12.169119 0.015690 0.118091 0.015513
12.184809 0.015690 0.118145 0.015566
12.200499 0.015690 0.118197 0.015618
12.216188 0.015689 0.118248 0.015669
12.231878 0.015689 0.118298 0.015719
12.247567 0.015689 0.118346 0.015768
12.263256 0.015689 0.118394 0.015816
12.278946 0.015689 0.118441 0.015862
12.294635 0.015690 0.118486 0.015907
12.310325 0.015690 0.118530 0.015952
12.326016 0.015690 0.118573 0.015995
12.341706 0.015691 0.118615 0.016037
12.357398 0.015691 0.118656 0.016078
12.373090 0.015692 0.118696 0.016118
12.388783 0.015693 0.118735 0.016157
12.404477 0.015694 0.118773 0.016195
12.420171 0.015695 0.118810 0.016232
12.435867 0.015696 0.118847 0.016268
12.451564 0.015697 0.118882 0.016303
12.467262 0.015698 0.118916 0.016338
12.482962 0.015700 0.118950 0.016371
12.498663 0.015701 0.118982 0.016404
12.514366 0.015703 0.119014 0.016436
12.530071 0.015705 0.119046 0.016467
12.545778 0.015707 0.119076 0.016497
12.561487 0.015709 0.119106 0.016527
12.577197 0.015711 0.119135 0.016556
12.592911 0.015713 0.119163 0.016585
12.608626 0.015716 0.119191 0.016612
12.624344 0.015718 0.119218 0.016639
12.640065 0.015721 0.119244 0.016665
12.655788 0.015723 0.119269 0.016690
12.671515 0.015726 0.119294 0.016715
12.687244 0.015729 0.119318 0.016739
12.702976 0.015732 0.119341 0.016762
12.718712 0.015735 0.119363 0.016785
12.734451 0.015739 0.119385 0.016807
12.750193 0.015742 0.119407 0.016828
12.765939 0.015746 0.119428 0.016849
12.781688 0.015749 0.119448 0.016869
12.797441 0.015753 0.119467 0.016889
12.813198 0.015757 0.119486 0.016908
12.828959 0.015761 0.119505 0.016926
12.844724 0.015765 0.119523 0.016945
12.860493 0.015769 0.119541 0.016963
12.876267 0.015774 0.119559 0.016980
12.892045 0.015778 0.119576 0.016997
12.907828 0.015783 0.119591 0.017013
12.923615 0.015787 0.119606 0.017028
12.939407 0.015792 0.119620 0.017042
12.955203 0.015797 0.119634 0.017055
12.971005 0.015802 0.119646 0.017067
12.986812 0.015807 0.119657 0.017079
13.002623 0.015812 0.119668 0.017089
13.018440 0.015817 0.119677 0.017099
13.034263 0.015822 0.119686 0.017107
13.050090 0.015828 0.119694 0.017115
13.065923 0.015833 0.119701 0.017122
13.081762 0.015839 0.119706 0.017128
13.097607 0.015844 0.119711 0.017133
13.113457 0.015850 0.119715 0.017137
13.129313 0.015856 0.119718 0.017139
13.145174 0.015862 0.119720 0.017141
13.161042 0.015868 0.119720 0.017142
13.176916 0.015874 0.119720 0.017142
13.192796 0.015880 0.119719 0.017140
13.208682 0.015886 0.119717 0.017138
13.224575 0.015892 0.119713 0.017135
13.240473 0.015898 0.119709 0.017130
13.256378 0.015905 0.119703 0.017125
13.272289 0.015911 0.119697 0.017118
13.288206 0.015917 0.119690 0.017111
13.304129 0.015923 0.119681 0.017103
13.320059 0.015930 0.119672 0.017093
13.335995 0.015936 0.119661 0.017083
13.351937 0.015942 0.119650 0.017071
13.367886 0.015949 0.119638 0.017059
13.383842 0.015955 0.119624 0.017046
13.399804 0.015962 0.119610 0.017031
13.415772 0.015969 0.119594 0.017016
13.431748 0.015975 0.119578 0.016999
13.447730 0.015982 0.119560 0.016981
13.463719 0.015989 0.119541 0.016963
13.479714 0.015996 0.119522 0.016943
13.495716 0.016002 0.119501 0.016922
13.511726 0.016009 0.119479 0.016900
13.527742 0.016016 0.119456 0.016878
13.543765 0.016023 0.119432 0.016854
13.559795 0.016030 0.119407 0.016829
13.575832 0.016037 0.119381 0.016803
13.591876 0.016044 0.119354 0.016776
13.607927 0.016051 0.119326 0.016748
13.623985 0.016058 0.119298 0.016719
13.640050 0.016065 0.119268 0.016689
13.656123 0.016072 0.119237 0.016658
13.672202 0.016080 0.119205 0.016626
13.688289 0.016087 0.119172 0.016594
13.704383 0.016094 0.119139 0.016560
13.720484 0.016101 0.119104 0.016526
13.736593 0.016109 0.119069 0.016491
13.752709 0.016116 0.119033 0.016455
13.768832 0.016123 0.118997 0.016418
13.784962 0.016131 0.118959 0.016380
13.801100 0.016138 0.118921 0.016342
13.817246 0.016145 0.118882 0.016303
13.833398 0.016153 0.118842 0.016264
13.849559 0.016160 0.118802 0.016223
13.865727 0.016168 0.118761 0.016183
13.881902 0.016175 0.118720 0.016141
13.898085 0.016183 0.118678 0.016099
13.914276 0.016191 0.118635 0.016057
13.930474 0.016198 0.118592 0.016013
13.946681 0.016206 0.118548 0.015970
13.962895 0.016214 0.118504 0.015926
13.979117 0.016222 0.118460 0.015881
13.995346 0.016230 0.118415 0.015836
14.011584 0.016238 0.118369 0.015791
14.027830 0.016246 0.118324 0.015745
14.044084 0.016254 0.118277 0.015699
14.060346 0.016262 0.118231 0.015652
14.076616 0.016270 0.118184 0.015605
14.092895 0.016278 0.118136 0.015558
14.109182 0.016287 0.118089 0.015510
14.125477 0.016295 0.118041 0.015462
14.141780 0.016304 0.117993 0.015414
14.158093 0.016312 0.117944 0.015366
14.174413 0.016321 0.117896 0.015317
14.190743 0.016330 0.117847 0.015269
14.207081 0.016338 0.117798 0.015220
14.223428 0.016347 0.117750 0.015171
14.239784 0.016356 0.117701 0.015122
14.256149 0.016365 0.117652 0.015073
14.272523 0.016374 0.117603 0.015024
14.288907 0.016383 0.117553 0.014975
14.305299 0.016392 0.117504 0.014926
14.321701 0.016402 0.117455 0.014877
14.338112 0.016411 0.117406 0.014828
14.354532 0.016421 0.117357 0.014779
14.370963 0.016430 0.117308 0.014730
14.387402 0.016440 0.117260 0.014681
14.403852 0.016450 0.117211 0.014632
14.420312 0.016459 0.117162 0.014583
14.436781 0.016469 0.117113 0.014534
14.453260 0.016480 0.117064 0.014485
14.469750 0.016490 0.117014 0.014436
14.486250 0.016500 0.116965 0.014387
14.502760 0.016510 0.116916 0.014337
14.519281 0.016521 0.116866 0.014288
14.535812 0.016531 0.116816 0.014238
14.552354 0.016542 0.116766 0.014188
14.568907 0.016553 0.116716 0.014137
14.585471 0.016564 0.116665 0.014087
14.602045 0.016574 0.116614 0.014036
14.618631 0.016585 0.116563 0.013984
14.635227 0.016597 0.116511 0.013932
14.651835 0.016608 0.116459 0.013880
14.668454 0.016619 0.116406 0.013827
14.685084 0.016630 0.116353 0.013774
14.701726 0.016642 0.116299 0.013720
14.718379 0.016653 0.116244 0.013666
14.735044 0.016665 0.116190 0.013611
14.751720 0.016676 0.116134 0.013556
14.768408 0.016688 0.116078 0.013500
14.785107 0.016699 0.116022 0.013443
14.801818 0.016711 0.115965 0.013386
14.818541 0.016723 0.115907 0.013328
14.835276 0.016735 0.115849 0.013270
14.852022 0.016747 0.115790 0.013212
14.868781 0.016758 0.115731 0.013152
14.885551 0.016770 0.115671 0.013092
14.902333 0.016782 0.115610 0.013032
14.919127 0.016794 0.115549 0.012971
14.935934 0.016806 0.115488 0.012909
14.952752 0.016818 0.115425 0.012847
14.969582 0.016830 0.115363 0.012784
14.986424 0.016842 0.115299 0.012721
15.003279 0.016855 0.115235 0.012657
15.020146 0.016867 0.115171 0.012592
15.037024 0.016879 0.115106 0.012527
15.053915 0.016891 0.115040 0.012462
15.070819 0.016903 0.114974 0.012395
15.087734 0.016916 0.114907 0.012329
15.104662 0.016928 0.114840 0.012261
15.121603 0.016940 0.114772 0.012194
15.138556 0.016953 0.114704 0.012125
15.155521 0.016965 0.114635 0.012056
15.172498 0.016978 0.114565 0.011987
15.189488 0.016990 0.114495 0.011917
15.206491 0.017003 0.114425 0.011846
15.223506 0.017015 0.114354 0.011775
15.240534 0.017028 0.114282 0.011704
15.257574 0.017040 0.114210 0.011632
15.274627 0.017053 0.114138 0.011559
15.291693 0.017066 0.114065 0.011486
15.308771 0.017078 0.113991 0.011413
15.325863 0.017091 0.113917 0.011339
15.342967 0.017104 0.113843 0.011264
15.360083 0.017117 0.113768 0.011190
15.377213 0.017130 0.113693 0.011115
15.394355 0.017142 0.113617 0.011039
15.411502 0.017146 0.113541 0.010963
15.428646 0.017145 0.113465 0.010886
15.445789 0.017143 0.113388 0.010810
15.462930 0.017141 0.113311 0.010733
15.480070 0.017140 0.113234 0.010656
15.497208 0.017138 0.113157 0.010578
15.514344 0.017136 0.113079 0.010500
15.531478 0.017134 0.113001 0.010423
15.548611 0.017133 0.112923 0.010344
15.565742 0.017131 0.112844 0.010266
15.582871 0.017129 0.112766 0.010187
15.599999 0.017128 0.112686 0.010108
15.617124 0.017126 0.112607 0.010028
15.634249 0.017124 0.112527 0.009948
15.651371 0.017122 0.112446 0.009867
15.668492 0.017121 0.112365 0.009786
15.685611 0.017119 0.112283 0.009705
15.702728 0.017117 0.112201 0.009623
15.719843 0.017116 0.112119 0.009540
15.736957 0.017114 0.112036 0.009457
15.754069 0.017112 0.111952 0.009373
15.771179 0.017110 0.111867 0.009289
15.788288 0.017109 0.111782 0.009204
15.805395 0.017107 0.111696 0.009118
15.822500 0.017105 0.111610 0.009031
15.839604 0.017104 0.111522 0.008944
15.856706 0.017102 0.111434 0.008856
15.873806 0.017100 0.111345 0.008766
15.890904 0.017098 0.111255 0.008676
15.908000 0.017096 0.111164 0.008586
15.925094 0.017094 0.111073 0.008494
15.942187 0.017092 0.110980 0.008401
15.959277 0.017090 0.110887 0.008308
15.976365 0.017088 0.110793 0.008214
15.993452 0.017086 0.110698 0.008119
16.010536 0.017084 0.110602 0.008023
16.027618 0.017082 0.110505 0.007927
16.044698 0.017080 0.110408 0.007829
16.061776 0.017078 0.110310 0.007731
16.078851 0.017076 0.110211 0.007633
16.095925 0.017074 0.110112 0.007533
16.112997 0.017072 0.110012 0.007433
16.130066 0.017070 0.109912 0.007333
16.147134 0.017068 0.109811 0.007232
16.164199 0.017066 0.109709 0.007131
16.181263 0.017064 0.109608 0.007029
16.198324 0.017062 0.109506 0.006927
16.215384 0.017060 0.109403 0.006825
16.232442 0.017058 0.109301 0.006722
16.249498 0.017056 0.109198 0.006620
16.266553 0.017054 0.109096 0.006517
16.283606 0.017053 0.108993 0.006414
16.300657 0.017051 0.108890 0.006312
16.317706 0.017050 0.108787 0.006209
16.334754 0.017048 0.108685 0.006106
16.351801 0.017046 0.108582 0.006004
16.368846 0.017045 0.108480 0.005901
16.385889 0.017043 0.108378 0.005799
16.402931 0.017042 0.108276 0.005697
16.419972 0.017041 0.108174 0.005596
16.437011 0.017039 0.108073 0.005495
16.454049 0.017038 0.107972 0.005394
16.471086 0.017037 0.107872 0.005293
16.488121 0.017035 0.107772 0.005193
16.505155 0.017034 0.107673 0.005094
16.522187 0.017032 0.107574 0.004995
16.539217 0.017030 0.107475 0.004897
16.556245 0.017028 0.107378 0.004799
16.573271 0.017026 0.107281 0.004702
16.590295 0.017024 0.107185 0.004606
16.607317 0.017022 0.107089 0.004511
16.624336 0.017020 0.106995 0.004416
16.641354 0.017018 0.106901 0.004322
16.658369 0.017015 0.106808 0.004229
16.675383 0.017013 0.106715 0.004137
16.692394 0.017012 0.106624 0.004045
16.709404 0.017010 0.106533 0.003954
16.726412 0.017008 0.106443 0.003865
16.743418 0.017006 0.106354 0.003776
16.760422 0.017004 0.106266 0.003688
16.777424 0.017002 0.106179 0.003601
16.794425 0.017001 0.106093 0.003515
16.811424 0.016999 0.106009 0.003430
16.828422 0.016998 0.105925 0.003346
16.845418 0.016996 0.105842 0.003263
16.862413 0.016995 0.105760 0.003181
16.879407 0.016994 0.105679 0.003101
16.896399 0.016992 0.105599 0.003021
16.913390 0.016991 0.105521 0.002942
16.930381 0.016990 0.105443 0.002864
16.947370 0.016989 0.105366 0.002787
16.964358 0.016988 0.105290 0.002711
16.981345 0.016987 0.105215 0.002636
16.998332 0.016986 0.105141 0.002562
17.015317 0.016986 0.105068 0.002489
17.032301 0.016984 0.104996 0.002417
17.049283 0.016982 0.104924 0.002346
17.066263 0.016980 0.104854 0.002275
17.083241 0.016978 0.104784 0.002206
17.100218 0.016976 0.104716 0.002137
17.117192 0.016975 0.104648 0.002069
17.134165 0.016973 0.104580 0.002002
17.151137 0.016971 0.104513 0.001935
17.168107 0.016970 0.104447 0.001869
17.185075 0.016969 0.104382 0.001804
17.202043 0.016967 0.104318 0.001740
17.219009 0.016966 0.104255 0.001677
17.235974 0.016965 0.104193 0.001614
17.252938 0.016964 0.104132 0.001553
17.269901 0.016963 0.104071 0.001493
17.286864 0.016962 0.104011 0.001433
17.303826 0.016962 0.103952 0.001373
17.320787 0.016961 0.103893 0.001315
17.337748 0.016961 0.103835 0.001257
17.354708 0.016961 0.103777 0.001199
17.371669 0.016960 0.103720 0.001141
17.388629 0.016960 0.103663 0.001084
17.405589 0.016960 0.103606 0.001028
17.422549 0.016960 0.103550 0.000971
17.439510 0.016960 0.103494 0.000915
17.456471 0.016961 0.103438 0.000859
17.473432 0.016961 0.103382 0.000803
17.490393 0.016962 0.103326 0.000747
17.507356 0.016962 0.103270 0.000691
17.524319 0.016963 0.103214 0.000635
17.541283 0.016964 0.103158 0.000579
17.558248 0.016965 0.103102 0.000523
17.575213 0.016966 0.103046 0.000467
17.592180 0.016967 0.102989 0.000411
17.609148 0.016968 0.102932 0.000354
17.626117 0.016969 0.102875 0.000297
17.643088 0.016970 0.102818 0.000239
17.660059 0.016972 0.102760 0.000181
17.677032 0.016973 0.102701 0.000122
17.694007 0.016974 0.102642 0.000063
17.710983 0.016976 0.102581 0.000003
17.727960 0.016977 0.102520 -0.000059
17.744939 0.016979 0.102458 -0.000121
17.761919 0.016980 0.102395 -0.000184
17.778901 0.016982 0.102331 -0.000248
17.795884 0.016983 0.102266 -0.000312
17.812869 0.016985 0.102201 -0.000378
17.829855 0.016986 0.102134 -0.000444
17.846842 0.016988 0.102067 -0.000512
17.863831 0.016989 0.101998 -0.000580
17.880822 0.016990 0.101929 -0.000649
17.897814 0.016992 0.101859 -0.000720
17.914807 0.016993 0.101788 -0.000791
17.931802 0.016995 0.101716 -0.000863
17.948799 0.016997 0.101643 -0.000935
17.965797 0.016998 0.101569 -0.001009
17.982797 0.017000 0.101495 -0.001084
17.999799 0.017002 0.101420 -0.001159
18.016802 0.017003 0.101344 -0.001235
18.033807 0.017005 0.101268 -0.001311
18.050814 0.017007 0.101190 -0.001388
18.067821 0.017007 0.101112 -0.001466
18.084828 0.017008 0.101034 -0.001544
18.101836 0.017008 0.100955 -0.001623
18.118845 0.017009 0.100876 -0.001703
18.135854 0.017009 0.100796 -0.001783
18.152864 0.017010 0.100716 -0.001863
18.169875 0.017011 0.100635 -0.001943
18.186887 0.017012 0.100555 -0.002024
18.203899 0.017013 0.100474 -0.002105
18.220913 0.017014 0.100392 -0.002186
18.237928 0.017015 0.100311 -0.002268
18.254944 0.017016 0.100229 -0.002350
18.271961 0.017017 0.100146 -0.002432
18.288979 0.017018 0.100064 -0.002515
18.305999 0.017020 0.099981 -0.002597
18.323021 0.017021 0.099899 -0.002680
18.340044 0.017023 0.099816 -0.002763
18.357068 0.017025 0.099732 -0.002846
18.374095 0.017026 0.099649 -0.002930
18.391123 0.017028 0.099565 -0.003014
18.408153 0.017030 0.099481 -0.003098
18.425186 0.017032 0.099397 -0.003182
18.442220 0.017034 0.099312 -0.003266
18.459256 0.017036 0.099228 -0.003351
18.476295 0.017039 0.099143 -0.003436
18.493336 0.017041 0.099058 -0.003521
18.510379 0.017043 0.098973 -0.003606
18.527424 0.017045 0.098887 -0.003692
18.544472 0.017048 0.098801 -0.003777
18.561523 0.017050 0.098715 -0.003864
18.578575 0.017053 0.098629 -0.003950
18.595631 0.017055 0.098542 -0.004037
18.612689 0.017058 0.098455 -0.004124
18.629749 0.017060 0.098368 -0.004211
18.646812 0.017063 0.098280 -0.004299
18.663878 0.017066 0.098192 -0.004386
18.680947 0.017068 0.098104 -0.004474
18.698018 0.017071 0.098016 -0.004563
18.715092 0.017074 0.097927 -0.004651
18.732168 0.017077 0.097839 -0.004740
18.749248 0.017080 0.097750 -0.004829
18.766331 0.017082 0.097661 -0.004918
18.783416 0.017085 0.097572 -0.005007
18.800504 0.017088 0.097482 -0.005096
18.817596 0.017091 0.097393 -0.005185
18.834690 0.017094 0.097304 -0.005274
18.851788 0.017097 0.097215 -0.005363
18.868888 0.017100 0.097126 -0.005452
18.885992 0.017103 0.097037 -0.005541
18.903098 0.017106 0.096949 -0.005630
18.920208 0.017110 0.096861 -0.005718
18.937320 0.017113 0.096772 -0.005806
18.954436 0.017116 0.096685 -0.005894
18.971555 0.017119 0.096597 -0.005982
18.988677 0.017122 0.096510 -0.006069
19.005803 0.017125 0.096423 -0.006156
19.022931 0.017129 0.096336 -0.006243
19.040063 0.017132 0.096249 -0.006329
19.057198 0.017135 0.096163 -0.006416
19.074337 0.017138 0.096076 -0.006502
19.091478 0.017142 0.095990 -0.006588
19.108623 0.017145 0.095905 -0.006674
19.125771 0.017148 0.095819 -0.006760
19.142923 0.017152 0.095733 -0.006845
19.160078 0.017155 0.095647 -0.006931
19.177236 0.017158 0.095562 -0.007017
19.194397 0.017161 0.095476 -0.007102
19.211562 0.017165 0.095391 -0.007188
19.228730 0.017168 0.095305 -0.007273
19.245902 0.017172 0.095220 -0.007359
19.263077 0.017175 0.095134 -0.007444
19.280255 0.017178 0.095049 -0.007530
19.297435 0.017181 0.094963 -0.007615
19.314619 0.017183 0.094878 -0.007701
19.331805 0.017186 0.094792 -0.007786
19.348994 0.017189 0.094707 -0.007872
19.366186 0.017192 0.094621 -0.007958
19.383380 0.017195 0.094535 -0.008043
19.400578 0.017198 0.094450 -0.008129
19.417779 0.017201 0.094364 -0.008215
19.434982 0.017204 0.094278 -0.008300
19.452189 0.017207 0.094193 -0.008386
19.469399 0.017210 0.094108 -0.008471
19.486611 0.017213 0.094023 -0.008556
19.503827 0.017216 0.093938 -0.008641
19.521047 0.017219 0.093853 -0.008725
19.538269 0.017222 0.093769 -0.008810
19.555495 0.017226 0.093685 -0.008894
19.572724 0.017229 0.093601 -0.008977
19.589956 0.017232 0.093518 -0.009061
19.607192 0.017236 0.093435 -0.009144
19.624432 0.017239 0.093353 -0.009226
19.641675 0.017243 0.093271 -0.009308
19.658921 0.017247 0.093189 -0.009389
19.676171 0.017250 0.093108 -0.009470
19.693425 0.017254 0.093028 -0.009551
19.710683 0.017258 0.092948 -0.009630
19.727944 0.017262 0.092869 -0.009709
19.745210 0.017266 0.092791 -0.009788
19.762479 0.017269 0.092713 -0.009865
19.779752 0.017273 0.092636 -0.009942
19.797029 0.017277 0.092560 -0.010019
19.814310 0.017281 0.092484 -0.010094
19.831594 0.017285 0.092410 -0.010169
19.848883 0.017289 0.092335 -0.010243
19.866175 0.017293 0.092262 -0.010317
19.883472 0.017297 0.092189 -0.010389
19.900773 0.017301 0.092117 -0.010461
19.918078 0.017305 0.092046 -0.010533
19.935387 0.017309 0.091975 -0.010603
19.952700 0.017313 0.091905 -0.010673
19.970018 0.017317 0.091836 -0.010743
19.987339 0.017322 0.091767 -0.010811
20.004665 0.017326 0.091699 -0.010880
20.021995 0.017330 0.091631 -0.010948
20.039330 0.017334 0.091564 -0.011015
20.056653 0.017323 0.091497 -0.011081
20.073959 0.017306 0.091432 -0.011147
20.091260 0.017301 0.091368 -0.011211
20.108549 0.017290 0.091305 -0.011274
20.125816 0.017267 0.091243 -0.011336
20.143061 0.017245 0.091183 -0.011396
20.160291 0.017230 0.091124 -0.011455
20.177509 0.017218 0.091066 -0.011513
20.194712 0.017203 0.091008 -0.011570
20.211888 0.017176 0.090951 -0.011627
20.229038 0.017151 0.090896 -0.011683
20.246172 0.017134 0.090842 -0.011737
20.263297 0.017125 0.090789 -0.011789
20.280393 0.017095 0.090738 -0.011841
20.297456 0.017064 0.090688 -0.011890
20.314499 0.017042 0.090640 -0.011938
20.331528 0.017029 0.090593 -0.011985
20.348534 0.017006 0.090547 -0.012032
20.365506 0.016972 0.090501 -0.012078
20.382453 0.016947 0.090455 -0.012123
20.399384 0.016931 0.090409 -0.012170
20.416295 0.016911 0.090362 -0.012216
20.433173 0.016878 0.090315 -0.012264
20.450025 0.016852 0.090266 -0.012312
20.466861 0.016836 0.090216 -0.012363
20.483683 0.016822 0.090163 -0.012416
20.500479 0.016796 0.090106 -0.012473
20.517256 0.016777 0.090046 -0.012533
20.534017 0.016762 0.089984 -0.012595
20.550769 0.016752 0.089921 -0.012657
20.567497 0.016728 0.089857 -0.012721
20.584206 0.016708 0.089791 -0.012788
20.600900 0.016694 0.089721 -0.012858
20.617589 0.016689 0.089646 -0.012932
20.634258 0.016669 0.089560 -0.013018
20.650906 0.016649 0.089459 -0.013119
20.667542 0.016635 0.089344 -0.013235
20.684178 0.016636 0.089216 -0.013363
20.700796 0.016618 0.089079 -0.013499
20.717394 0.016598 0.088941 -0.013637
20.733980 0.016586 0.088811 -0.013767
20.750569 0.016589 0.088689 -0.013889
20.767142 0.016573 0.088582 -0.013997
20.783697 0.016554 0.088483 -0.014095
20.800241 0.016545 0.088389 -0.014189
20.816787 0.016546 0.088319 -0.014260
20.833319 0.016532 0.088294 -0.014285
20.849834 0.016514 0.088356 -0.014222
20.866339 0.016506 0.088514 -0.014065
20.882846 0.016507 0.088780 -0.013799
20.899339 0.016493 0.089150 -0.013428
20.915815 0.016476 0.089607 -0.012971
20.932283 0.016468 0.090135 -0.012444
20.948749 0.016466 0.090721 -0.011857
20.965203 0.016455 0.091367 -0.011212
20.981645 0.016441 0.092048 -0.010530
20.998079 0.016434 0.092741 -0.009838
21.014506 0.016428 0.093423 -0.009155
21.030912 0.016405 0.094088 -0.008491
21.047297 0.016386 0.094725 -0.007854
21.063682 0.016385 0.095320 -0.007258
21.080088 0.016406 0.095847 -0.006731
21.096485 0.016397 0.096273 -0.006305
21.112869 0.016384 0.096585 -0.005993
21.129246 0.016377 0.096797 -0.005782
21.145615 0.016369 0.096924 -0.005655
21.161989 0.016373 0.096981 -0.005598
21.178336 0.016347 0.096997 -0.005582
21.194663 0.016327 0.096986 -0.005592
21.210964 0.016300 0.096947 -0.005631
21.227240 0.016277 0.096892 -0.005687
21.243515 0.016274 0.096815 -0.005763
21.259774 0.016260 0.096730 -0.005848
21.276030 0.016256 0.096637 -0.005941
21.292293 0.016263 0.096538 -0.006041
21.308536 0.016243 0.096432 -0.006147
21.324769 0.016233 0.096322 -0.006256
21.340989 0.016219 0.096211 -0.006367
21.357177 0.016188 0.096099 -0.006479
21.373357 0.016180 0.095987 -0.006591
21.389543 0.016186 0.095875 -0.006703
21.405722 0.016180 0.095764 -0.006814
21.421865 0.016143 0.095654 -0.006924
21.437991 0.016126 0.095546 -0.007033
21.454126 0.016135 0.095438 -0.007140
21.470249 0.016123 0.095333 -0.007246
21.486336 0.016086 0.095229 -0.007350
21.502410 0.016074 0.095127 -0.007452
21.518488 0.016079 0.095026 -0.007552
21.534558 0.016070 0.094928 -0.007650
21.550587 0.016029 0.094833 -0.007746
21.566604 0.016017 0.094740 -0.007839
21.582626 0.016022 0.094649 -0.007929
21.598636 0.016009 0.094563 -0.008016
21.614606 0.015970 0.094482 -0.008097
21.630561 0.015956 0.094406 -0.008172
21.646515 0.015953 0.094339 -0.008240
21.662445 0.015931 0.094281 -0.008298
21.678333 0.015888 0.094234 -0.008345
21.694212 0.015878 0.094198 -0.008380
21.710086 0.015875 0.094176 -0.008403
21.725936 0.015850 0.094167 -0.008412
21.741745 0.015809 0.094172 -0.008406
21.757551 0.015806 0.094193 -0.008386
21.773352 0.015802 0.094227 -0.008351
21.789127 0.015775 0.094276 -0.008302
21.804865 0.015738 0.094340 -0.008238
21.820604 0.015738 0.094417 -0.008161
21.836339 0.015735 0.094510 -0.008068
21.852045 0.015706 0.094619 -0.007960
21.867727 0.015682 0.094741 -0.007838
21.883407 0.015680 0.094877 -0.007702
21.899085 0.015678 0.095025 -0.007553
21.914732 0.015648 0.095185 -0.007393
21.930367 0.015635 0.095357 -0.007222
21.946003 0.015636 0.095539 -0.007040
21.961639 0.015636 0.095728 -0.006851
21.977254 0.015615 0.095923 -0.006655
21.992859 0.015605 0.096126 -0.006453
22.008467 0.015608 0.096334 -0.006244
22.024078 0.015611 0.096548 -0.006031
22.039677 0.015598 0.096767 -0.005811
22.055272 0.015595 0.096995 -0.005584
22.070868 0.015596 0.097231 -0.005348
22.086477 0.015609 0.097478 -0.005101
22.102071 0.015594 0.097738 -0.004841
22.117671 0.015599 0.098016 -0.004563
22.133272 0.015601 0.098315 -0.004263
22.148883 0.015611 0.098645 -0.003933
22.164485 0.015602 0.099011 -0.003568
22.180094 0.015609 0.099415 -0.003164
22.195712 0.015618 0.099857 -0.002721
22.211331 0.015619 0.100337 -0.002242
22.226942 0.015611 0.100848 -0.001731
22.242565 0.015623 0.101387 -0.001192
22.258197 0.015632 0.101950 -0.000629
22.273816 0.015619 0.102529 -0.000049
22.289431 0.015616 0.103118 0.000540
22.305029 0.015597 0.103709 0.001131
22.320602 0.015573 0.104293 0.001714
22.336120 0.015518 0.104859 0.002280
22.351607 0.015487 0.105405 0.002827
22.367080 0.015473 0.105929 0.003350
22.382541 0.015461 0.106425 0.003846
22.397959 0.015419 0.106888 0.004309
22.413359 0.015400 0.107315 0.004736
22.428749 0.015389 0.107701 0.005123
22.444134 0.015385 0.108046 0.005468
22.459491 0.015357 0.108348 0.005769
22.474847 0.015356 0.108608 0.006029
22.490217 0.015370 0.108828 0.006249
22.505572 0.015355 0.109010 0.006432
22.520886 0.015314 0.109155 0.006576
22.536120 0.015233 0.109262 0.006684
22.551282 0.015163 0.109337 0.006758
22.566387 0.015104 0.109377 0.006798
22.581436 0.015049 0.109382 0.006803
22.596414 0.014978 0.109351 0.006773
22.611347 0.014932 0.109292 0.006713
22.626253 0.014907 0.109207 0.006628
22.641148 0.014895 0.109109 0.006531
22.656052 0.014905 0.109003 0.006424
22.670982 0.014930 0.108878 0.006300
22.685947 0.014965 0.108740 0.006161
22.700960 0.015012 0.108589 0.006010
22.716016 0.015056 0.108427 0.005848
22.731115 0.015100 0.108255 0.005676
22.746246 0.015131 0.108076 0.005497
22.761411 0.015164 0.107898 0.005319
22.776609 0.015199 0.107724 0.005146
22.791845 0.015236 0.107553 0.004974
22.807117 0.015271 0.107380 0.004802
22.822429 0.015313 0.107206 0.004628
22.837780 0.015351 0.107031 0.004452
22.853172 0.015392 0.106859 0.004281
22.868604 0.015432 0.106696 0.004118
22.884077 0.015473 0.106543 0.003964
22.899590 0.015512 0.106401 0.003823
22.915134 0.015544 0.106273 0.003694
22.930705 0.015572 0.106158 0.003579
22.946306 0.015600 0.106046 0.003468
22.961930 0.015624 0.105941 0.003362
22.977575 0.015645 0.105841 0.003262
22.993244 0.015669 0.105748 0.003169
23.008934 0.015690 0.105667 0.003089
23.024645 0.015711 0.105606 0.003027
23.040377 0.015732 0.105561 0.002983
23.056127 0.015751 0.105530 0.002952
23.071897 0.015769 0.105512 0.002933
23.087683 0.015786 0.105504 0.002926
23.103488 0.015805 0.105508 0.002929
23.119305 0.015817 0.105521 0.002942
23.135134 0.015829 0.105540 0.002961
23.150975 0.015841 0.105563 0.002985
23.166826 0.015851 0.105589 0.003010
23.182689 0.015863 0.105615 0.003036
23.198564 0.015875 0.105638 0.003059
23.214452 0.015888 0.105659 0.003081
23.230352 0.015901 0.105677 0.003099
23.246266 0.015914 0.105690 0.003112
23.262196 0.015930 0.105698 0.003119
23.278139 0.015944 0.105698 0.003120
23.294098 0.015959 0.105691 0.003113
23.310075 0.015977 0.105676 0.003097
23.326067 0.015992 0.105652 0.003073
23.342076 0.016009 0.105618 0.003040
23.358101 0.016025 0.105576 0.002997
23.374141 0.016040 0.105525 0.002947
23.390196 0.016056 0.105468 0.002890
23.406266 0.016070 0.105403 0.002825
23.422350 0.016084 0.105332 0.002753
23.438449 0.016099 0.105255 0.002677
23.454561 0.016112 0.105179 0.002600
23.470687 0.016126 0.105101 0.002523
23.486827 0.016140 0.105021 0.002443
23.502981 0.016153 0.104940 0.002362
23.519147 0.016167 0.104856 0.002277
23.535326 0.016179 0.104762 0.002183
23.551518 0.016192 0.104658 0.002080
23.567722 0.016204 0.104544 0.001965
23.583938 0.016216 0.104418 0.001840
23.600166 0.016228 0.104283 0.001704
23.616405 0.016240 0.104141 0.001562
23.632657 0.016252 0.103996 0.001417
23.648922 0.016264 0.103848 0.001270
23.665198 0.016276 0.103696 0.001117
23.681486 0.016288 0.103532 0.000953
23.697787 0.016301 0.103351 0.000772
23.714100 0.016313 0.103143 0.000564
23.730424 0.016325 0.102901 0.000322
23.746761 0.016337 0.102626 0.000047
23.763111 0.016349 0.102318 -0.000260
23.779471 0.016361 0.101987 -0.000592
23.795844 0.016373 0.101639 -0.000939
23.812229 0.016384 0.101282 -0.001296
23.828624 0.016396 0.100920 -0.001659
23.845031 0.016407 0.100555 -0.002023
23.861448 0.016418 0.100194 -0.002385
23.877877 0.016429 0.099835 -0.002743
23.894317 0.016440 0.099485 -0.003094
23.910770 0.016453 0.099145 -0.003433
23.927235 0.016465 0.098821 -0.003758
23.943711 0.016476 0.098513 -0.004066
23.960200 0.016489 0.098223 -0.004356
23.976697 0.016497 0.097952 -0.004626
23.993199 0.016503 0.097701 -0.004878
24.009708 0.016508 0.097469 -0.005110
24.026222 0.016514 0.097254 -0.005325
24.042743 0.016521 0.097054 -0.005525
24.059270 0.016527 0.096870 -0.005708
24.075803 0.016533 0.096699 -0.005880
24.092343 0.016540 0.096537 -0.006042
24.108889 0.016546 0.096382 -0.006196
24.125440 0.016552 0.096235 -0.006344
24.141980 0.016540 0.096096 -0.006482
24.158509 0.016529 0.095962 -0.006616
24.175029 0.016520 0.095834 -0.006745
24.191541 0.016512 0.095712 -0.006867
24.208047 0.016505 0.095600 -0.006979
24.224546 0.016500 0.095498 -0.007081
24.241041 0.016495 0.095395 -0.007184
24.257533 0.016492 0.095290 -0.007288
24.274022 0.016489 0.095186 -0.007392
24.290509 0.016487 0.095084 -0.007494
24.306993 0.016484 0.094987 -0.007592
24.323475 0.016482 0.094899 -0.007680
24.339956 0.016481 0.094820 -0.007759
24.356435 0.016479 0.094758 -0.007821
24.372914 0.016478 0.094708 -0.007871
24.389391 0.016478 0.094668 -0.007911
24.405869 0.016478 0.094639 -0.007940
24.422348 0.016479 0.094621 -0.007957
24.438828 0.016480 0.094616 -0.007962
24.455310 0.016482 0.094623 -0.007955
24.471795 0.016485 0.094635 -0.007944
24.488282 0.016487 0.094652 -0.007926
24.504773 0.016491 0.094673 -0.007906
24.521267 0.016494 0.094696 -0.007883
24.537766 0.016499 0.094721 -0.007858
24.554269 0.016503 0.094744 -0.007835
24.570777 0.016508 0.094768 -0.007811
24.587291 0.016514 0.094794 -0.007785
24.603811 0.016520 0.094821 -0.007758
24.620337 0.016526 0.094850 -0.007728
24.636870 0.016533 0.094884 -0.007695
24.653410 0.016540 0.094920 -0.007658
24.669958 0.016548 0.094964 -0.007615
24.686514 0.016556 0.095014 -0.007564
24.703077 0.016564 0.095073 -0.007506
24.719649 0.016572 0.095141 -0.007437
24.736229 0.016580 0.095219 -0.007359
24.752817 0.016588 0.095307 -0.007271
24.769414 0.016596 0.095406 -0.007173
24.786018 0.016604 0.095512 -0.007066
24.802630 0.016612 0.095628 -0.006951
24.819250 0.016620 0.095751 -0.006827
24.835877 0.016627 0.095883 -0.006696
24.852512 0.016634 0.096023 -0.006556
24.869154 0.016642 0.096170 -0.006408
24.885803 0.016649 0.096325 -0.006254
24.902460 0.016657 0.096487 -0.006091
24.919124 0.016664 0.096656 -0.005923
24.935796 0.016672 0.096831 -0.005748
24.952476 0.016680 0.097012 -0.005567
24.969164 0.016688 0.097198 -0.005380
24.985860 0.016696 0.097389 -0.005190
25.002565 0.016705 0.097584 -0.004995
25.019278 0.016713 0.097782 -0.004797
25.036000 0.016722 0.097982 -0.004596
25.052731 0.016731 0.098185 -0.004394
25.069471 0.016740 0.098389 -0.004190
25.086221 0.016749 0.098593 -0.003986
25.102979 0.016759 0.098797 -0.003782
25.119747 0.016768 0.099000 -0.003578
25.136525 0.016778 0.099203 -0.003376
25.153313 0.016788 0.099404 -0.003175
25.170110 0.016798 0.099602 -0.002977
25.186918 0.016808 0.099797 -0.002782
25.203736 0.016818 0.099986 -0.002593
25.220563 0.016828 0.100164 -0.002415
25.237401 0.016838 0.100329 -0.002250
25.254249 0.016848 0.100481 -0.002097
25.271108 0.016858 0.100620 -0.001958
25.287976 0.016868 0.100749 -0.001829
25.304854 0.016878 0.100869 -0.001709
25.321742 0.016888 0.100981 -0.001598
25.338639 0.016898 0.101083 -0.001496
25.355547 0.016907 0.101172 -0.001407
25.372464 0.016917 0.101246 -0.001333
25.389390 0.016926 0.101308 -0.001271
25.406324 0.016935 0.101357 -0.001222
25.423267 0.016943 0.101394 -0.001184
25.440217 0.016951 0.101419 -0.001159
25.457176 0.016959 0.101432 -0.001146
25.474142 0.016966 0.101434 -0.001145
25.491115 0.016973 0.101423 -0.001156
25.508095 0.016980 0.101401 -0.001178
25.525082 0.016987 0.101367 -0.001211
25.542075 0.016994 0.101322 -0.001257
25.559076 0.017001 0.101264 -0.001315
25.576083 0.017007 0.101193 -0.001385
25.593096 0.017013 0.101111 -0.001467
25.610116 0.017019 0.101017 -0.001562
25.627141 0.017025 0.100911 -0.001667
25.644172 0.017031 0.100798 -0.001780
25.661209 0.017037 0.100674 -0.001904
25.678251 0.017042 0.100541 -0.002037
25.695299 0.017047 0.100397 -0.002182
25.712352 0.017053 0.100242 -0.002336
25.729410 0.017058 0.100079 -0.002499
25.746472 0.017063 0.099910 -0.002669
25.763540 0.017068 0.099736 -0.002842
25.780612 0.017072 0.099560 -0.003019
25.797690 0.017078 0.099382 -0.003196
25.814773 0.017083 0.099207 -0.003372
25.831863 0.017090 0.099034 -0.003545
25.848959 0.017096 0.098864 -0.003715
25.866060 0.017102 0.098699 -0.003880
25.883168 0.017108 0.098540 -0.004039
25.900283 0.017114 0.098388 -0.004191
25.917404 0.017121 0.098243 -0.004336
25.934531 0.017128 0.098105 -0.004474
25.951665 0.017134 0.097975 -0.004604
25.968805 0.017140 0.097855 -0.004724
25.985952 0.017147 0.097744 -0.004835
26.003105 0.017153 0.097642 -0.004937
26.020264 0.017159 0.097548 -0.005031
26.037430 0.017165 0.097462 -0.005117
26.054601 0.017171 0.097382 -0.005197
26.071778 0.017177 0.097307 -0.005272
26.088961 0.017183 0.097238 -0.005340
26.106150 0.017189 0.097177 -0.005401
26.123344 0.017195 0.097127 -0.005452
26.140545 0.017201 0.097088 -0.005491
26.157753 0.017207 0.097059 -0.005519
26.174967 0.017214 0.097036 -0.005542
26.192187 0.017220 0.097016 -0.005562
26.209414 0.017227 0.097001 -0.005577
26.226647 0.017233 0.096993 -0.005586
26.243887 0.017240 0.096991 -0.005588
26.261133 0.017246 0.096996 -0.005583
26.278385 0.017252 0.097006 -0.005572
26.295643 0.017258 0.097023 -0.005555
26.312907 0.017264 0.097047 -0.005532
26.330177 0.017270 0.097076 -0.005502
26.347451 0.017275 0.097111 -0.005467
26.364731 0.017279 0.097151 -0.005427
26.382014 0.017284 0.097195 -0.005383
26.399302 0.017287 0.097243 -0.005336
26.416593 0.017291 0.097294 -0.005285
26.433888 0.017295 0.097347 -0.005232
26.451187 0.017299 0.097402 -0.005177
26.468489 0.017302 0.097457 -0.005121
26.485795 0.017306 0.097513 -0.005066
26.503105 0.017310 0.097569 -0.005010
26.520408 0.017303 0.097624 -0.004955
26.537693 0.017285 0.097679 -0.004899
26.554953 0.017260 0.097734 -0.004845
26.572188 0.017235 0.097787 -0.004791
26.589398 0.017210 0.097839 -0.004739
26.606584 0.017186 0.097890 -0.004689
26.623747 0.017163 0.097938 -0.004641
26.640889 0.017141 0.097983 -0.004596
26.658010 0.017121 0.098025 -0.004553
26.675113 0.017103 0.098065 -0.004514
26.692198 0.017086 0.098101 -0.004477
26.709267 0.017068 0.098135 -0.004444
26.726318 0.017051 0.098165 -0.004414
26.743351 0.017033 0.098193 -0.004386
26.760365 0.017014 0.098218 -0.004360
26.777360 0.016995 0.098241 -0.004338
26.794336 0.016976 0.098262 -0.004317
26.811292 0.016956 0.098281 -0.004298
26.828230 0.016938 0.098298 -0.004280
26.845151 0.016921 0.098315 -0.004264
26.862056 0.016905 0.098330 -0.004248
26.878946 0.016890 0.098345 -0.004234
26.895822 0.016877 0.098359 -0.004219
26.912687 0.016865 0.098374 -0.004205
26.929545 0.016858 0.098388 -0.004191
26.946398 0.016852 0.098402 -0.004176
26.963239 0.016841 0.098418 -0.004161
26.980065 0.016827 0.098434 -0.004144
26.996878 0.016813 0.098451 -0.004127
27.013677 0.016799 0.098470 -0.004109
27.030462 0.016785 0.098489 -0.004089
27.047234 0.016772 0.098510 -0.004068
27.063992 0.016758 0.098532 -0.004046
27.080737 0.016745 0.098556 -0.004023
27.097469 0.016732 0.098580 -0.003998
27.114188 0.016719 0.098606 -0.003973
27.130895 0.016707 0.098632 -0.003947
27.147589 0.016695 0.098658 -0.003921
27.164273 0.016683 0.098683 -0.003895
27.180946 0.016673 0.098708 -0.003870
27.197603 0.016658 0.098732 -0.003846
27.214246 0.016643 0.098754 -0.003824
27.230874 0.016628 0.098774 -0.003805
27.247489 0.016615 0.098791 -0.003787
27.264090 0.016602 0.098805 -0.003774
27.280680 0.016590 0.098815 -0.003764
27.297259 0.016578 0.098821 -0.003757
27.313826 0.016568 0.098824 -0.003755
27.330384 0.016558 0.098822 -0.003756
27.346933 0.016549 0.098817 -0.003762
27.363475 0.016542 0.098808 -0.003771
27.380012 0.016537 0.098796 -0.003783
27.396544 0.016532 0.098781 -0.003797
27.413073 0.016529 0.098764 -0.003814
27.429598 0.016526 0.098745 -0.003833
27.446122 0.016524 0.098724 -0.003854
27.462645 0.016523 0.098701 -0.003878
27.479168 0.016522 0.098676 -0.003902
27.495690 0.016523 0.098651 -0.003928
27.512214 0.016524 0.098626 -0.003953
27.528740 0.016526 0.098601 -0.003978
27.545268 0.016528 0.098578 -0.004001
27.561799 0.016531 0.098556 -0.004023
27.578334 0.016534 0.098536 -0.004043
27.594872 0.016538 0.098518 -0.004060
27.611414 0.016543 0.098504 -0.004075
27.627962 0.016548 0.098492 -0.004087
27.644516 0.016554 0.098483 -0.004096
27.661076 0.016561 0.098478 -0.004101
27.677644 0.016568 0.098476 -0.004103
27.694221 0.016576 0.098478 -0.004101
27.710806 0.016585 0.098483 -0.004095
27.727394 0.016588 0.098492 -0.004087
27.743985 0.016591 0.098504 -0.004075
27.760580 0.016595 0.098518 -0.004060
27.777179 0.016600 0.098536 -0.004043
27.793784 0.016604 0.098555 -0.004023
27.810393 0.016609 0.098577 -0.004002
27.827007 0.016614 0.098601 -0.003978
27.843628 0.016621 0.098626 -0.003953
27.860256 0.016628 0.098653 -0.003925
27.876890 0.016634 0.098682 -0.003897
27.893529 0.016638 0.098712 -0.003866
27.910170 0.016641 0.098744 -0.003834
27.926814 0.016644 0.098779 -0.003800
27.943458 0.016644 0.098815 -0.003764
27.960102 0.016644 0.098853 -0.003725
27.976747 0.016645 0.098895 -0.003684
27.993394 0.016647 0.098939 -0.003640
28.010050 0.016656 0.098987 -0.003592
28.026723 0.016672 0.099038 -0.003541
28.043383 0.016660 0.099092 -0.003486
28.060027 0.016644 0.099150 -0.003429
28.076662 0.016635 0.099211 -0.003367
28.093303 0.016642 0.099276 -0.003302
28.109954 0.016651 0.099345 -0.003233
28.126607 0.016653 0.099418 -0.003161
28.143257 0.016650 0.099495 -0.003084
28.159903 0.016646 0.099575 -0.003004
28.176542 0.016639 0.099659 -0.002920
28.193174 0.016632 0.099746 -0.002832
28.209795 0.016621 0.099837 -0.002742
28.226409 0.016614 0.099930 -0.002648
28.243018 0.016609 0.100026 -0.002552
28.259620 0.016602 0.100124 -0.002454
28.276214 0.016594 0.100223 -0.002355
28.292801 0.016587 0.100323 -0.002256
28.309382 0.016581 0.100423 -0.002155
28.325960 0.016577 0.100523 -0.002056
28.342535 0.016576 0.100622 -0.001957
28.359111 0.016576 0.100720 -0.001859
28.375687 0.016576 0.100816 -0.001763
28.392263 0.016576 0.100909 -0.001669
28.408838 0.016576 0.101000 -0.001579
28.425413 0.016575 0.101087 -0.001491
28.441987 0.016574 0.101171 -0.001408
28.458561 0.016573 0.101250 -0.001328
28.475135 0.016575 0.101325 -0.001254
28.491713 0.016578 0.101395 -0.001184
28.508295 0.016582 0.101459 -0.001119
28.524882 0.016587 0.101517 -0.001061
28.541474 0.016592 0.101570 -0.001009
28.558075 0.016601 0.101617 -0.000962
28.574683 0.016609 0.101659 -0.000920
28.591300 0.016616 0.101696 -0.000883
28.607922 0.016623 0.101729 -0.000850
28.624549 0.016626 0.101759 -0.000820
28.641179 0.016630 0.101786 -0.000793
28.657813 0.016634 0.101811 -0.000767
28.674451 0.016638 0.101835 -0.000744
28.691093 0.016642 0.101857 -0.000721
28.707738 0.016645 0.101879 -0.000700
28.724386 0.016648 0.101900 -0.000678
28.741036 0.016650 0.101922 -0.000656
28.757689 0.016652 0.101945 -0.000634
28.774344 0.016655 0.101969 -0.000610
28.791002 0.016658 0.101994 -0.000585
28.807664 0.016662 0.102021 -0.000558
28.824330 0.016666 0.102050 -0.000529
28.841000 0.016670 0.102081 -0.000498
28.857676 0.016675 0.102115 -0.000464
28.874354 0.016678 0.102151 -0.000428
28.891030 0.016676 0.102189 -0.000390
28.907705 0.016675 0.102229 -0.000349
28.924378 0.016673 0.102272 -0.000306
28.941050 0.016672 0.102317 -0.000262
28.957721 0.016671 0.102364 -0.000215
28.974391 0.016670 0.102412 -0.000167
28.991060 0.016669 0.102461 -0.000117
29.007729 0.016669 0.102512 -0.000066
29.024397 0.016668 0.102564 -0.000015
29.041065 0.016668 0.102616 0.000038
29.057732 0.016667 0.102669 0.000091
29.074398 0.016667 0.102722 0.000144
29.091064 0.016666 0.102775 0.000196
29.107729 0.016665 0.102827 0.000249
29.124393 0.016664 0.102879 0.000301
29.141057 0.016663 0.102931 0.000352
29.157719 0.016662 0.102981 0.000402
29.174380 0.016661 0.103030 0.000452
29.191039 0.016660 0.103078 0.000500
29.207697 0.016658 0.103125 0.000547
29.224354 0.016657 0.103171 0.000592
29.241010 0.016656 0.103215 0.000636
29.257664 0.016655 0.103258 0.000679
29.274318 0.016654 0.103300 0.000721
29.290972 0.016653 0.103342 0.000763
29.307624 0.016653 0.103383 0.000804
29.324277 0.016653 0.103424 0.000845
29.340929 0.016652 0.103464 0.000885
29.357582 0.016652 0.103504 0.000925
29.374234 0.016652 0.103543 0.000964
29.390886 0.016653 0.103582 0.001003
29.407539 0.016653 0.103620 0.001042
29.424193 0.016653 0.103659 0.001080
29.440847 0.016654 0.103698 0.001119
29.457501 0.016654 0.103736 0.001158
29.474155 0.016654 0.103775 0.001197
29.490810 0.016655 0.103814 0.001236
29.507466 0.016656 0.103854 0.001275
29.524122 0.016657 0.103894 0.001315
29.540780 0.016658 0.103934 0.001356
29.557439 0.016659 0.103975 0.001397
29.574100 0.016661 0.104016 0.001438
29.590763 0.016663 0.104057 0.001479
29.607427 0.016665 0.104098 0.001519
29.624094 0.016667 0.104138 0.001560
29.640763 0.016669 0.104177 0.001599
29.657432 0.016669 0.104215 0.001637
29.674102 0.016670 0.104252 0.001673
29.690773 0.016671 0.104286 0.001707
29.707445 0.016672 0.104318 0.001740
29.724117 0.016673 0.104348 0.001770
29.740791 0.016674 0.104377 0.001798
29.757465 0.016674 0.104403 0.001824
29.774141 0.016675 0.104427 0.001848
29.790817 0.016676 0.104449 0.001870
29.807495 0.016678 0.104469 0.001891
29.824174 0.016679 0.104488 0.001910
29.840855 0.016681 0.104506 0.001927
29.857538 0.016682 0.104521 0.001943
29.874222 0.016684 0.104535 0.001956
29.890908 0.016686 0.104547 0.001969
29.907596 0.016688 0.104558 0.001979
29.924287 0.016691 0.104566 0.001988
29.940980 0.016693 0.104573 0.001994
29.957676 0.016696 0.104578 0.001999
29.974374 0.016698 0.104581 0.002003
29.991076 0.016702 0.104583 0.002004
30.000000 0.008924 0.104583 0.002005
