Gauge gauge_5 Location: X=3.0, Y=1.696
Time(s) dt(s) Depth(m) Elevation(m)
0.017486 0.017486 0.036261 -0.000001
0.034972 0.017486 0.036257 -0.000006
0.052459 0.017486 0.036248 -0.000014
0.069945 0.017486 0.036236 -0.000027
0.087431 0.017486 0.036219 -0.000044
0.104917 0.017486 0.036197 -0.000065
0.122403 0.017486 0.036172 -0.000091
0.139889 0.017486 0.036142 -0.000121
0.157375 0.017486 0.036108 -0.000155
0.174860 0.017485 0.036069 -0.000193
0.192345 0.017485 0.036028 -0.000234
0.209830 0.017485 0.035986 -0.000277
0.227314 0.017484 0.035948 -0.000315
0.244798 0.017484 0.035914 -0.000349
0.262282 0.017484 0.035886 -0.000376
0.279766 0.017484 0.035865 -0.000398
0.297249 0.017483 0.035850 -0.000412
0.314732 0.017483 0.035842 -0.000420
0.332215 0.017483 0.035840 -0.000423
0.349697 0.017483 0.035840 -0.000422
0.367180 0.017482 0.035844 -0.000418
0.384662 0.017482 0.035852 -0.000411
0.402144 0.017482 0.035862 -0.000400
0.419626 0.017482 0.035877 -0.000385
0.437107 0.017482 0.035896 -0.000367
0.454589 0.017482 0.035917 -0.000345
0.472071 0.017482 0.035942 -0.000321
0.489552 0.017482 0.035969 -0.000294
0.507034 0.017481 0.035997 -0.000266
0.524515 0.017481 0.036027 -0.000236
0.541996 0.017481 0.036057 -0.000206
0.559478 0.017481 0.036087 -0.000176
0.576959 0.017481 0.036116 -0.000146
0.594441 0.017481 0.036145 -0.000117
0.611922 0.017481 0.036174 -0.000089
0.629403 0.017481 0.036202 -0.000061
0.646885 0.017481 0.036229 -0.000033
0.664366 0.017481 0.036256 -0.000007
0.681848 0.017481 0.036281 0.000019
0.699329 0.017482 0.036305 0.000042
0.716811 0.017482 0.036328 0.000065
0.734292 0.017482 0.036350 0.000087
0.751774 0.017482 0.036370 0.000108
0.769256 0.017482 0.036389 0.000126
0.786738 0.017482 0.036405 0.000142
0.804220 0.017482 0.036419 0.000156
0.821702 0.017482 0.036431 0.000168
0.839184 0.017482 0.036440 0.000177
0.856666 0.017482 0.036447 0.000184
0.874148 0.017482 0.036451 0.000188
0.891630 0.017482 0.036453 0.000191
0.909113 0.017482 0.036453 0.000191
0.926595 0.017482 0.036451 0.000188
0.944077 0.017482 0.036447 0.000184
0.961560 0.017483 0.036441 0.000179
0.979043 0.017483 0.036435 0.000172
0.996525 0.017483 0.036427 0.000164
1.014008 0.017483 0.036419 0.000156
1.031491 0.017483 0.036410 0.000147
1.048973 0.017483 0.036401 0.000138
1.066456 0.017483 0.036391 0.000129
1.083939 0.017483 0.036381 0.000119
1.101422 0.017483 0.036371 0.000109
1.118905 0.017483 0.036360 0.000098
1.136388 0.017483 0.036349 0.000086
1.153870 0.017483 0.036338 0.000075
1.171353 0.017483 0.036327 0.000065
1.188836 0.017483 0.036317 0.000054
1.206319 0.017483 0.036307 0.000044
1.223802 0.017483 0.036298 0.000035
1.241284 0.017483 0.036289 0.000026
1.258767 0.017483 0.036280 0.000018
1.276250 0.017483 0.036272 0.000009
1.293732 0.017483 0.036264 0.000002
1.311215 0.017483 0.036257 -0.000006
1.328697 0.017482 0.036250 -0.000013
1.346180 0.017482 0.036244 -0.000019
1.363662 0.017482 0.036239 -0.000024
1.381144 0.017482 0.036234 -0.000029
1.398627 0.017482 0.036230 -0.000033
1.416109 0.017482 0.036227 -0.000036
1.433591 0.017482 0.036224 -0.000039
1.451073 0.017482 0.036222 -0.000041
1.468555 0.017482 0.036220 -0.000043
1.486037 0.017482 0.036218 -0.000045
1.503519 0.017482 0.036217 -0.000046
1.521001 0.017482 0.036216 -0.000047
1.538482 0.017482 0.036215 -0.000048
1.555964 0.017482 0.036214 -0.000048
1.573446 0.017482 0.036214 -0.000048
1.590927 0.017482 0.036214 -0.000048
1.608409 0.017481 0.036215 -0.000048
1.625890 0.017481 0.036215 -0.000047
1.643371 0.017481 0.036216 -0.000047
1.660852 0.017481 0.036217 -0.000046
1.678333 0.017481 0.036218 -0.000045
1.695814 0.017481 0.036219 -0.000044
1.713295 0.017481 0.036220 -0.000043
1.730776 0.017481 0.036221 -0.000041
1.748257 0.017481 0.036223 -0.000040
1.765738 0.017481 0.036224 -0.000038
1.783218 0.017481 0.036226 -0.000036
1.800699 0.017480 0.036228 -0.000035
1.818179 0.017480 0.036229 -0.000033
1.835659 0.017480 0.036231 -0.000032
1.853139 0.017480 0.036233 -0.000030
1.870620 0.017480 0.036234 -0.000028
1.888100 0.017480 0.036236 -0.000027
1.905579 0.017480 0.036237 -0.000025
1.923059 0.017480 0.036239 -0.000024
1.940539 0.017480 0.036240 -0.000023
1.958019 0.017480 0.036241 -0.000022
1.975498 0.017480 0.036242 -0.000021
1.992978 0.017480 0.036243 -0.000020
2.010457 0.017480 0.036244 -0.000019
2.027937 0.017479 0.036244 -0.000018
2.045416 0.017479 0.036245 -0.000018
2.062896 0.017479 0.036245 -0.000017
2.080375 0.017479 0.036245 -0.000017
2.097855 0.017479 0.036246 -0.000017
2.115334 0.017479 0.036246 -0.000017
2.132813 0.017479 0.036246 -0.000017
2.150293 0.017479 0.036246 -0.000017
2.167772 0.017479 0.036246 -0.000017
2.185252 0.017479 0.036246 -0.000017
2.202731 0.017480 0.036246 -0.000017
2.220211 0.017480 0.036246 -0.000017
2.237691 0.017480 0.036245 -0.000017
2.255170 0.017480 0.036245 -0.000017
2.272650 0.017480 0.036245 -0.000017
2.290131 0.017480 0.036246 -0.000017
2.307611 0.017480 0.036246 -0.000017
2.325092 0.017481 0.036246 -0.000017
2.342572 0.017481 0.036246 -0.000017
2.360053 0.017481 0.036246 -0.000017
2.377535 0.017481 0.036246 -0.000016
2.395017 0.017482 0.036247 -0.000016
2.412499 0.017482 0.036247 -0.000016
2.429981 0.017482 0.036247 -0.000016
2.447464 0.017483 0.036247 -0.000015
2.464948 0.017483 0.036247 -0.000015
2.482431 0.017484 0.036247 -0.000015
2.499916 0.017484 0.036248 -0.000015
2.517401 0.017485 0.036248 -0.000015
2.534886 0.017485 0.036248 -0.000015
2.552371 0.017485 0.036248 -0.000015
2.569857 0.017485 0.036247 -0.000015
2.587342 0.017485 0.036247 -0.000015
2.604827 0.017485 0.036247 -0.000015
2.622313 0.017485 0.036247 -0.000016
2.639798 0.017485 0.036247 -0.000016
2.657283 0.017485 0.036247 -0.000016
2.674768 0.017485 0.036246 -0.000016
2.692253 0.017485 0.036246 -0.000016
2.709739 0.017485 0.036246 -0.000017
2.727224 0.017485 0.036246 -0.000017
2.744709 0.017485 0.036245 -0.000017
2.762194 0.017485 0.036245 -0.000017
2.779679 0.017485 0.036245 -0.000018
2.797164 0.017485 0.036245 -0.000018
2.814649 0.017485 0.036244 -0.000018
2.832134 0.017485 0.036244 -0.000018
2.849619 0.017485 0.036244 -0.000019
2.867104 0.017485 0.036244 -0.000019
2.884589 0.017485 0.036244 -0.000019
2.902074 0.017485 0.036243 -0.000019
2.919559 0.017485 0.036243 -0.000020
2.937044 0.017485 0.036243 -0.000020
2.954529 0.017485 0.036243 -0.000020
2.972014 0.017485 0.036242 -0.000020
2.989499 0.017485 0.036242 -0.000021
3.006984 0.017485 0.036242 -0.000021
3.024469 0.017485 0.036242 -0.000021
3.041954 0.017485 0.036241 -0.000021
3.059439 0.017485 0.036241 -0.000021
3.076924 0.017485 0.036241 -0.000021
3.094409 0.017485 0.036241 -0.000022
3.111894 0.017485 0.036241 -0.000022
3.129380 0.017485 0.036241 -0.000022
3.146865 0.017485 0.036241 -0.000021
3.164350 0.017485 0.036241 -0.000021
3.181835 0.017485 0.036242 -0.000021
3.199320 0.017485 0.036242 -0.000021
3.216805 0.017485 0.036243 -0.000020
3.234291 0.017485 0.036243 -0.000019
3.251776 0.017485 0.036244 -0.000019
3.269261 0.017485 0.036245 -0.000018
3.286747 0.017485 0.036246 -0.000017
3.304232 0.017485 0.036247 -0.000016
3.321717 0.017485 0.036248 -0.000015
3.339203 0.017485 0.036249 -0.000013
3.356688 0.017485 0.036250 -0.000012
3.374174 0.017485 0.036252 -0.000011
3.391659 0.017485 0.036253 -0.000009
3.409144 0.017485 0.036255 -0.000008
3.426630 0.017485 0.036257 -0.000006
3.444115 0.017485 0.036258 -0.000004
3.461601 0.017485 0.036260 -0.000003
3.479086 0.017485 0.036262 -0.000001
3.496572 0.017485 0.036263 0.000001
3.514057 0.017485 0.036265 0.000003
3.531543 0.017485 0.036267 0.000004
3.549028 0.017485 0.036269 0.000006
3.566514 0.017485 0.036270 0.000008
3.583999 0.017485 0.036272 0.000009
3.601485 0.017485 0.036274 0.000011
3.618970 0.017486 0.036275 0.000013
3.636456 0.017486 0.036277 0.000014
3.653941 0.017486 0.036278 0.000016
3.671427 0.017486 0.036280 0.000017
3.688913 0.017486 0.036281 0.000018
3.706399 0.017486 0.036282 0.000020
3.723885 0.017486 0.036283 0.000021
3.741371 0.017486 0.036284 0.000022
3.758858 0.017487 0.036285 0.000023
3.776345 0.017487 0.036286 0.000023
3.793832 0.017487 0.036287 0.000024
3.811320 0.017487 0.036287 0.000025
3.828807 0.017488 0.036288 0.000025
3.846296 0.017488 0.036288 0.000026
3.863784 0.017488 0.036289 0.000026
3.881272 0.017488 0.036289 0.000026
3.898760 0.017488 0.036289 0.000027
3.916247 0.017487 0.036289 0.000027
3.933734 0.017487 0.036289 0.000027
3.951221 0.017487 0.036289 0.000027
3.968707 0.017486 0.036289 0.000027
3.986193 0.017486 0.036289 0.000026
4.003679 0.017486 0.036289 0.000026
4.021165 0.017486 0.036289 0.000026
4.038650 0.017485 0.036288 0.000026
4.056135 0.017485 0.036288 0.000025
4.073620 0.017485 0.036287 0.000025
4.091104 0.017485 0.036287 0.000024
4.108588 0.017484 0.036286 0.000024
4.126073 0.017484 0.036286 0.000023
4.143557 0.017484 0.036285 0.000023
4.161041 0.017484 0.036285 0.000022
4.178525 0.017484 0.036284 0.000021
4.196008 0.017484 0.036283 0.000020
4.213492 0.017484 0.036282 0.000020
4.230976 0.017484 0.036281 0.000019
4.248460 0.017484 0.036280 0.000018
4.265944 0.017484 0.036279 0.000017
4.283427 0.017484 0.036278 0.000015
4.300911 0.017484 0.036277 0.000014
4.318395 0.017484 0.036275 0.000013
4.335880 0.017484 0.036274 0.000011
4.353364 0.017484 0.036273 0.000010
4.370848 0.017484 0.036271 0.000008
4.388333 0.017485 0.036269 0.000007
4.405818 0.017485 0.036267 0.000005
4.423303 0.017485 0.036266 0.000003
4.440788 0.017485 0.036264 0.000001
4.458273 0.017485 0.036262 -0.000001
4.475759 0.017486 0.036260 -0.000003
4.493245 0.017486 0.036257 -0.000005
4.510732 0.017486 0.036255 -0.000007
4.528218 0.017487 0.036253 -0.000010
4.545705 0.017487 0.036251 -0.000012
4.563191 0.017487 0.036248 -0.000014
4.580678 0.017486 0.036246 -0.000017
4.598164 0.017486 0.036243 -0.000019
4.615650 0.017486 0.036241 -0.000022
4.633137 0.017486 0.036239 -0.000024
4.650623 0.017486 0.036236 -0.000026
4.668109 0.017486 0.036234 -0.000029
4.685596 0.017486 0.036232 -0.000031
4.703082 0.017487 0.036229 -0.000033
4.720569 0.017487 0.036227 -0.000035
4.738056 0.017487 0.036225 -0.000038
4.755543 0.017487 0.036223 -0.000039
4.773031 0.017487 0.036221 -0.000041
4.790518 0.017488 0.036220 -0.000043
4.808006 0.017488 0.036218 -0.000045
4.825494 0.017488 0.036217 -0.000046
4.842982 0.017488 0.036215 -0.000047
4.860471 0.017489 0.036214 -0.000048
4.877960 0.017489 0.036213 -0.000049
4.895449 0.017489 0.036213 -0.000050
4.912938 0.017490 0.036212 -0.000050
4.930428 0.017490 0.036212 -0.000050
4.947919 0.017490 0.036212 -0.000050
4.965409 0.017491 0.036213 -0.000050
4.982900 0.017491 0.036214 -0.000049
5.000392 0.017491 0.036214 -0.000048
5.017883 0.017492 0.036216 -0.000047
5.035376 0.017492 0.036217 -0.000045
5.052868 0.017492 0.036219 -0.000044
5.070360 0.017493 0.036221 -0.000042
5.087853 0.017493 0.036223 -0.000040
5.105346 0.017493 0.036225 -0.000037
5.122840 0.017493 0.036228 -0.000035
5.140333 0.017494 0.036231 -0.000032
5.157827 0.017494 0.036233 -0.000029
5.175321 0.017494 0.036236 -0.000026
5.192816 0.017494 0.036239 -0.000023
5.210310 0.017495 0.036243 -0.000020
5.227805 0.017495 0.036246 -0.000017
5.245300 0.017495 0.036249 -0.000014
5.262795 0.017495 0.036252 -0.000010
5.280290 0.017495 0.036256 -0.000007
5.297786 0.017496 0.036259 -0.000003
5.315282 0.017496 0.036263 0.000000
5.332778 0.017496 0.036266 0.000004
5.350274 0.017496 0.036270 0.000007
5.367770 0.017496 0.036273 0.000011
5.385267 0.017497 0.036277 0.000014
5.402763 0.017497 0.036280 0.000017
5.420260 0.017497 0.036283 0.000021
5.437758 0.017497 0.036287 0.000024
5.455255 0.017498 0.036290 0.000028
5.472753 0.017498 0.036294 0.000031
5.490251 0.017498 0.036297 0.000034
5.507750 0.017498 0.036300 0.000038
5.525248 0.017499 0.036303 0.000041
5.542747 0.017499 0.036306 0.000044
5.560247 0.017499 0.036309 0.000047
5.577746 0.017500 0.036312 0.000049
5.595246 0.017500 0.036314 0.000052
5.612746 0.017500 0.036317 0.000054
5.630246 0.017500 0.036318 0.000056
5.647746 0.017500 0.036320 0.000057
5.665247 0.017500 0.036321 0.000058
5.682747 0.017500 0.036322 0.000059
5.700247 0.017500 0.036322 0.000059
5.717747 0.017500 0.036322 0.000059
5.735247 0.017500 0.036321 0.000058
5.752748 0.017500 0.036320 0.000057
5.770248 0.017500 0.036318 0.000056
5.787749 0.017501 0.036316 0.000054
5.805249 0.017501 0.036314 0.000051
5.822750 0.017501 0.036310 0.000048
5.840251 0.017501 0.036307 0.000044
5.857752 0.017501 0.036303 0.000040
5.875254 0.017501 0.036298 0.000036
5.892755 0.017502 0.036294 0.000031
5.910257 0.017502 0.036288 0.000026
5.927759 0.017502 0.036283 0.000020
5.945262 0.017502 0.036277 0.000014
5.962764 0.017503 0.036270 0.000008
5.980267 0.017503 0.036264 0.000001
5.997770 0.017503 0.036256 -0.000006
6.015274 0.017504 0.036249 -0.000014
6.032778 0.017504 0.036241 -0.000021
6.050282 0.017504 0.036233 -0.000030
6.067786 0.017505 0.036225 -0.000038
6.085291 0.017505 0.036216 -0.000047
6.102797 0.017505 0.036207 -0.000056
6.120302 0.017506 0.036198 -0.000065
6.137808 0.017506 0.036188 -0.000075
6.155314 0.017506 0.036178 -0.000084
6.172820 0.017506 0.036168 -0.000094
6.190327 0.017507 0.036158 -0.000105
6.207834 0.017507 0.036147 -0.000116
6.225342 0.017507 0.036136 -0.000126
6.242850 0.017508 0.036125 -0.000138
6.260358 0.017508 0.036114 -0.000149
6.277866 0.017508 0.036102 -0.000161
6.295374 0.017508 0.036090 -0.000172
6.312883 0.017509 0.036078 -0.000184
6.330392 0.017509 0.036066 -0.000197
6.347901 0.017509 0.036054 -0.000209
6.365411 0.017509 0.036041 -0.000222
6.382920 0.017510 0.036028 -0.000235
6.400430 0.017510 0.036015 -0.000248
6.417940 0.017510 0.036002 -0.000261
6.435450 0.017510 0.035989 -0.000274
6.452961 0.017511 0.035975 -0.000288
6.470472 0.017511 0.035961 -0.000301
6.487983 0.017511 0.035947 -0.000315
6.505494 0.017511 0.035933 -0.000329
6.523005 0.017511 0.035919 -0.000343
6.540517 0.017512 0.035905 -0.000358
6.558029 0.017512 0.035890 -0.000372
6.575541 0.017512 0.035876 -0.000387
6.593053 0.017512 0.035861 -0.000402
6.610566 0.017512 0.035845 -0.000417
6.628078 0.017513 0.035830 -0.000433
6.645591 0.017513 0.035814 -0.000448
6.663104 0.017513 0.035798 -0.000464
6.680617 0.017513 0.035782 -0.000481
6.698131 0.017513 0.035765 -0.000497
6.715644 0.017514 0.035749 -0.000514
6.733158 0.017514 0.035731 -0.000531
6.750672 0.017514 0.035714 -0.000549
6.768186 0.017514 0.035696 -0.000567
6.785701 0.017514 0.035678 -0.000585
6.803215 0.017515 0.035659 -0.000604
6.820730 0.017515 0.035640 -0.000623
6.838245 0.017515 0.035620 -0.000642
6.855761 0.017515 0.035601 -0.000662
6.873276 0.017516 0.035580 -0.000682
6.890792 0.017516 0.035559 -0.000703
6.908308 0.017516 0.035538 -0.000725
6.925824 0.017516 0.035516 -0.000746
6.943341 0.017516 0.035494 -0.000769
6.960858 0.017517 0.035471 -0.000791
6.978375 0.017517 0.035448 -0.000814
6.995892 0.017517 0.035425 -0.000838
7.013409 0.017517 0.035401 -0.000862
7.030926 0.017517 0.035376 -0.000887
7.048443 0.017517 0.035351 -0.000912
7.065960 0.017517 0.035325 -0.000938
7.083478 0.017517 0.035299 -0.000964
7.100995 0.017517 0.035272 -0.000990
7.118512 0.017517 0.035245 -0.001017
7.136030 0.017517 0.035217 -0.001045
7.153547 0.017517 0.035189 -0.001073
7.171065 0.017518 0.035161 -0.001102
7.188582 0.017518 0.035132 -0.001131
7.206100 0.017518 0.035102 -0.001161
7.223618 0.017518 0.035072 -0.001191
7.241136 0.017518 0.035042 -0.001221
7.258655 0.017518 0.035011 -0.001252
7.276173 0.017518 0.034980 -0.001283
7.293691 0.017518 0.034949 -0.001314
7.311209 0.017518 0.034917 -0.001346
7.328728 0.017518 0.034885 -0.001378
7.346246 0.017518 0.034853 -0.001410
7.363764 0.017518 0.034820 -0.001442
7.381282 0.017518 0.034788 -0.001475
7.398801 0.017518 0.034755 -0.001508
7.416319 0.017518 0.034722 -0.001540
7.433838 0.017518 0.034689 -0.001573
7.451356 0.017519 0.034656 -0.001606
7.468875 0.017519 0.034623 -0.001639
7.486394 0.017519 0.034590 -0.001672
7.503912 0.017519 0.034557 -0.001705
7.521431 0.017519 0.034524 -0.001739
7.538950 0.017519 0.034491 -0.001772
7.556469 0.017519 0.034458 -0.001805
7.573988 0.017519 0.034425 -0.001838
7.591507 0.017519 0.034392 -0.001871
7.609026 0.017519 0.034359 -0.001904
7.626545 0.017519 0.034326 -0.001937
7.644064 0.017519 0.034293 -0.001970
7.661584 0.017519 0.034260 -0.002002
7.679103 0.017520 0.034227 -0.002035
7.696623 0.017520 0.034195 -0.002068
7.714143 0.017520 0.034162 -0.002101
7.731663 0.017520 0.034129 -0.002133
7.749183 0.017520 0.034097 -0.002166
7.766703 0.017520 0.034064 -0.002198
7.784224 0.017520 0.034032 -0.002231
7.801744 0.017521 0.034000 -0.002263
7.819265 0.017521 0.033967 -0.002295
7.836786 0.017521 0.033935 -0.002328
7.854307 0.017521 0.033902 -0.002360
7.871829 0.017521 0.033870 -0.002393
7.889350 0.017522 0.033838 -0.002425
7.906872 0.017522 0.033805 -0.002457
7.924394 0.017522 0.033773 -0.002490
7.941916 0.017522 0.033740 -0.002523
7.959438 0.017522 0.033707 -0.002555
7.976961 0.017523 0.033675 -0.002588
7.994484 0.017523 0.033642 -0.002621
8.012006 0.017523 0.033609 -0.002653
8.029530 0.017523 0.033576 -0.002686
8.047053 0.017523 0.033544 -0.002719
8.064576 0.017524 0.033511 -0.002752
8.082100 0.017524 0.033478 -0.002785
8.099624 0.017524 0.033445 -0.002817
8.117148 0.017524 0.033413 -0.002850
8.134672 0.017524 0.033380 -0.002882
8.152196 0.017524 0.033348 -0.002914
8.169721 0.017524 0.033316 -0.002946
8.187245 0.017524 0.033285 -0.002978
8.204770 0.017525 0.033253 -0.003010
8.222294 0.017525 0.033222 -0.003041
8.239819 0.017525 0.033191 -0.003071
8.257344 0.017525 0.033161 -0.003102
8.274869 0.017525 0.033131 -0.003132
8.292394 0.017525 0.033101 -0.003161
8.309920 0.017525 0.033072 -0.003190
8.327445 0.017525 0.033044 -0.003219
8.344967 0.017521 0.033016 -0.003247
8.362483 0.017516 0.032988 -0.003274
8.379993 0.017511 0.032961 -0.003301
8.397498 0.017505 0.032935 -0.003328
8.414998 0.017500 0.032909 -0.003353
8.432492 0.017494 0.032884 -0.003379
8.449981 0.017489 0.032859 -0.003403
8.467464 0.017483 0.032835 -0.003427
8.484942 0.017478 0.032812 -0.003451
8.502414 0.017472 0.032789 -0.003474
8.519880 0.017466 0.032766 -0.003497
8.537340 0.017460 0.032744 -0.003519
8.554794 0.017454 0.032722 -0.003540
8.572242 0.017448 0.032701 -0.003562
8.589683 0.017442 0.032680 -0.003582
8.607119 0.017436 0.032660 -0.003603
8.624548 0.017429 0.032640 -0.003623
8.641971 0.017423 0.032621 -0.003642
8.659387 0.017416 0.032601 -0.003661
8.676796 0.017409 0.032583 -0.003680
8.694198 0.017402 0.032564 -0.003698
8.711594 0.017395 0.032546 -0.003716
8.728982 0.017388 0.032529 -0.003734
8.746362 0.017381 0.032512 -0.003751
8.763735 0.017373 0.032495 -0.003768
8.781100 0.017365 0.032478 -0.003784
8.798457 0.017357 0.032462 -0.003801
8.815806 0.017349 0.032446 -0.003816
8.833147 0.017341 0.032431 -0.003832
8.850479 0.017332 0.032415 -0.003847
8.867802 0.017323 0.032400 -0.003862
8.885116 0.017314 0.032386 -0.003877
8.902421 0.017305 0.032371 -0.003892
8.919717 0.017295 0.032357 -0.003906
8.937002 0.017286 0.032343 -0.003920
8.954278 0.017276 0.032329 -0.003933
8.971543 0.017265 0.032316 -0.003947
8.988798 0.017255 0.032303 -0.003960
9.006043 0.017244 0.032290 -0.003973
9.023276 0.017233 0.032277 -0.003986
9.040499 0.017222 0.032264 -0.003998
9.057710 0.017211 0.032252 -0.004010
9.074909 0.017199 0.032240 -0.004022
9.092097 0.017188 0.032229 -0.004034
9.109272 0.017176 0.032217 -0.004045
9.126436 0.017163 0.032206 -0.004056
9.143587 0.017151 0.032195 -0.004067
9.160725 0.017139 0.032185 -0.004078
9.177851 0.017126 0.032174 -0.004089
9.194964 0.017113 0.032164 -0.004099
9.212063 0.017100 0.032154 -0.004109
9.229150 0.017086 0.032144 -0.004119
9.246223 0.017073 0.032134 -0.004129
9.263282 0.017059 0.032125 -0.004138
9.280328 0.017046 0.032116 -0.004147
9.297360 0.017032 0.032107 -0.004156
9.314378 0.017018 0.032098 -0.004165
9.331382 0.017004 0.032090 -0.004173
9.348371 0.016990 0.032081 -0.004181
9.365347 0.016976 0.032074 -0.004189
9.382308 0.016961 0.032066 -0.004197
9.399255 0.016947 0.032058 -0.004204
9.416188 0.016933 0.032051 -0.004211
9.433106 0.016918 0.032044 -0.004218
9.450009 0.016904 0.032038 -0.004225
9.466898 0.016889 0.032031 -0.004231
9.483773 0.016875 0.032025 -0.004237
9.500633 0.016860 0.032019 -0.004243
9.517479 0.016846 0.032014 -0.004249
9.534310 0.016831 0.032009 -0.004254
9.551127 0.016817 0.032004 -0.004259
9.567929 0.016802 0.031999 -0.004264
9.584717 0.016788 0.031995 -0.004268
9.601491 0.016774 0.031990 -0.004272
9.618251 0.016760 0.031987 -0.004276
9.634997 0.016746 0.031983 -0.004279
9.651728 0.016732 0.031980 -0.004283
9.668446 0.016718 0.031977 -0.004285
9.685150 0.016704 0.031975 -0.004288
9.701840 0.016690 0.031973 -0.004290
9.718516 0.016676 0.031971 -0.004292
9.735179 0.016663 0.031970 -0.004293
9.751829 0.016650 0.031969 -0.004294
9.768465 0.016636 0.031968 -0.004295
9.785088 0.016623 0.031967 -0.004296
9.801698 0.016610 0.031967 -0.004296
9.818295 0.016597 0.031966 -0.004297
9.834879 0.016584 0.031966 -0.004297
9.851451 0.016571 0.031966 -0.004297
9.868010 0.016559 0.031965 -0.004297
9.884556 0.016546 0.031966 -0.004297
9.901090 0.016534 0.031966 -0.004297
9.917612 0.016522 0.031966 -0.004296
9.934122 0.016510 0.031967 -0.004296
9.950620 0.016498 0.031967 -0.004295
9.967106 0.016486 0.031968 -0.004295
9.983581 0.016474 0.031969 -0.004294
10.000044 0.016463 0.031969 -0.004293
10.016495 0.016451 0.031970 -0.004292
10.032935 0.016440 0.031971 -0.004291
10.049364 0.016429 0.031972 -0.004290
10.065782 0.016418 0.031973 -0.004290
10.082188 0.016407 0.031974 -0.004289
10.098584 0.016396 0.031975 -0.004288
10.114969 0.016385 0.031976 -0.004287
10.131344 0.016375 0.031977 -0.004286
10.147708 0.016364 0.031978 -0.004285
10.164062 0.016354 0.031979 -0.004284
10.180405 0.016343 0.031979 -0.004283
10.196738 0.016333 0.031980 -0.004282
10.213061 0.016323 0.031981 -0.004281
10.229374 0.016313 0.031982 -0.004281
10.245677 0.016303 0.031983 -0.004280
10.261971 0.016293 0.031983 -0.004279
10.278255 0.016284 0.031984 -0.004278
10.294529 0.016274 0.031985 -0.004278
10.310793 0.016265 0.031986 -0.004277
10.327049 0.016255 0.031987 -0.004276
10.343294 0.016246 0.031987 -0.004275
10.359531 0.016237 0.031988 -0.004274
10.375759 0.016227 0.031990 -0.004273
10.391977 0.016218 0.031991 -0.004272
10.408186 0.016209 0.031992 -0.004270
10.424387 0.016200 0.031994 -0.004268
10.440578 0.016191 0.031997 -0.004266
10.456761 0.016183 0.031999 -0.004263
10.472935 0.016174 0.032002 -0.004260
10.489100 0.016165 0.032006 -0.004257
10.505256 0.016157 0.032010 -0.004252
10.521405 0.016148 0.032015 -0.004248
10.537544 0.016140 0.032020 -0.004242
10.553675 0.016131 0.032026 -0.004236
10.569798 0.016123 0.032033 -0.004229
10.585913 0.016115 0.032041 -0.004222
10.602019 0.016106 0.032050 -0.004213
10.618117 0.016098 0.032059 -0.004203
10.634207 0.016090 0.032070 -0.004193
10.650289 0.016082 0.032082 -0.004181
10.666363 0.016074 0.032094 -0.004168
10.682429 0.016066 0.032109 -0.004154
10.698487 0.016058 0.032124 -0.004139
10.714538 0.016050 0.032141 -0.004122
10.730580 0.016043 0.032159 -0.004104
10.746616 0.016035 0.032178 -0.004084
10.762643 0.016028 0.032199 -0.004063
10.778663 0.016020 0.032222 -0.004041
10.794676 0.016013 0.032246 -0.004016
10.810682 0.016006 0.032272 -0.003990
10.826680 0.015998 0.032300 -0.003963
10.842671 0.015991 0.032329 -0.003933
10.858655 0.015984 0.032361 -0.003902
10.874632 0.015977 0.032394 -0.003868
10.890602 0.015970 0.032431 -0.003832
10.906565 0.015963 0.032469 -0.003793
10.922521 0.015956 0.032511 -0.003752
10.938470 0.015949 0.032554 -0.003708
10.954413 0.015943 0.032600 -0.003662
10.970349 0.015936 0.032648 -0.003614
10.986279 0.015930 0.032699 -0.003564
11.002202 0.015923 0.032751 -0.003511
11.018120 0.015917 0.032804 -0.003459
11.034031 0.015911 0.032857 -0.003405
11.049935 0.015905 0.032911 -0.003351
11.065834 0.015899 0.032967 -0.003296
11.081727 0.015893 0.033024 -0.003239
11.097615 0.015887 0.033082 -0.003181
11.113496 0.015882 0.033142 -0.003121
11.129372 0.015876 0.033203 -0.003060
11.145242 0.015870 0.033267 -0.002996
11.161107 0.015865 0.033332 -0.002930
11.176967 0.015859 0.033400 -0.002862
11.192821 0.015854 0.033470 -0.002792
11.208669 0.015849 0.033542 -0.002721
11.224513 0.015844 0.033615 -0.002648
11.240351 0.015839 0.033689 -0.002573
11.256185 0.015834 0.033765 -0.002497
11.272014 0.015829 0.033842 -0.002421
11.287838 0.015824 0.033920 -0.002343
11.303657 0.015819 0.033998 -0.002264
11.319472 0.015815 0.034077 -0.002185
11.335282 0.015810 0.034157 -0.002106
11.351088 0.015806 0.034237 -0.002026
11.366890 0.015802 0.034317 -0.001945
11.382687 0.015798 0.034398 -0.001865
11.398481 0.015793 0.034478 -0.001784
11.414270 0.015789 0.034559 -0.001704
11.430056 0.015786 0.034639 -0.001623
11.445837 0.015782 0.034719 -0.001543
11.461616 0.015778 0.034800 -0.001463
11.477390 0.015774 0.034880 -0.001383
11.493161 0.015771 0.034959 -0.001303
11.508929 0.015768 0.035039 -0.001224
11.524693 0.015764 0.035118 -0.001144
11.540454 0.015761 0.035198 -0.001065
11.556212 0.015758 0.035277 -0.000986
11.571967 0.015755 0.035355 -0.000907
11.587720 0.015752 0.035434 -0.000828
11.603469 0.015750 0.035513 -0.000750
11.619216 0.015747 0.035592 -0.000671
11.634960 0.015744 0.035671 -0.000592
11.650702 0.015742 0.035750 -0.000513
11.666442 0.015739 0.035829 -0.000434
11.682179 0.015737 0.035909 -0.000354
11.697913 0.015735 0.035989 -0.000274
11.713646 0.015732 0.036070 -0.000193
11.729376 0.015730 0.036152 -0.000111
11.745104 0.015728 0.036235 -0.000028
11.760830 0.015726 0.036319 0.000056
11.776553 0.015724 0.036403 0.000141
11.792275 0.015721 0.036489 0.000227
11.807994 0.015719 0.036576 0.000314
11.823711 0.015717 0.036664 0.000402
11.839427 0.015715 0.036754 0.000491
11.855140 0.015714 0.036845 0.000583
11.870852 0.015712 0.036939 0.000676
11.886562 0.015710 0.037034 0.000772
11.902270 0.015708 0.037132 0.000870
11.917977 0.015707 0.037233 0.000970
11.933682 0.015705 0.037336 0.001074
11.949386 0.015704 0.037442 0.001179
11.965088 0.015702 0.037551 0.001288
11.980789 0.015701 0.037664 0.001401
11.996488 0.015700 0.037782 0.001520
12.012186 0.015698 0.037906 0.001643
12.027883 0.015697 0.038033 0.001770
12.043580 0.015696 0.038164 0.001901
12.059275 0.015695 0.038298 0.002036
12.074969 0.015694 0.038437 0.002174
12.090662 0.015693 0.038579 0.002317
12.106355 0.015693 0.038726 0.002464
12.122047 0.015692 0.038878 0.002615
12.137738 0.015691 0.039034 0.002771
12.153429 0.015691 0.039196 0.002933
12.169119 0.015690 0.039364 0.003101
12.184809 0.015690 0.039538 0.003275
12.200499 0.015690 0.039717 0.003455
12.216188 0.015689 0.039903 0.003640
12.231878 0.015689 0.040094 0.003831
12.247567 0.015689 0.040291 0.004028
12.263256 0.015689 0.040493 0.004230
12.278946 0.015689 0.040700 0.004437
12.294635 0.015690 0.040911 0.004648
12.310325 0.015690 0.041127 0.004864
12.326016 0.015690 0.041346 0.005083
12.341706 0.015691 0.041568 0.005305
12.357398 0.015691 0.041792 0.005530
12.373090 0.015692 0.042018 0.005756
12.388783 0.015693 0.042246 0.005984
12.404477 0.015694 0.042475 0.006213
12.420171 0.015695 0.042705 0.006442
12.435867 0.015696 0.042935 0.006673
12.451564 0.015697 0.043166 0.006903
12.467262 0.015698 0.043396 0.007134
12.482962 0.015700 0.043627 0.007364
12.498663 0.015701 0.043857 0.007594
12.514366 0.015703 0.044085 0.007822
12.530071 0.015705 0.044311 0.008049
12.545778 0.015707 0.044536 0.008274
12.561487 0.015709 0.044759 0.008497
12.577197 0.015711 0.044981 0.008718
12.592911 0.015713 0.045201 0.008938
12.608626 0.015716 0.045419 0.009156
12.624344 0.015718 0.045635 0.009372
12.640065 0.015721 0.045849 0.009586
12.655788 0.015723 0.046061 0.009799
12.671515 0.015726 0.046271 0.010009
12.687244 0.015729 0.046479 0.010217
12.702976 0.015732 0.046685 0.010423
12.718712 0.015735 0.046889 0.010626
12.734451 0.015739 0.047091 0.010828
12.750193 0.015742 0.047291 0.011029
12.765939 0.015746 0.047490 0.011227
12.781688 0.015749 0.047686 0.011424
12.797441 0.015753 0.047882 0.011619
12.813198 0.015757 0.048076 0.011813
12.828959 0.015761 0.048269 0.012006
12.844724 0.015765 0.048462 0.012199
12.860493 0.015769 0.048656 0.012393
12.876267 0.015774 0.048851 0.012589
12.892045 0.015778 0.049047 0.012785
12.907828 0.015783 0.049243 0.012981
12.923615 0.015787 0.049440 0.013177
12.939407 0.015792 0.049635 0.013373
12.955203 0.015797 0.049831 0.013568
12.971005 0.015802 0.050024 0.013762
12.986812 0.015807 0.050215 0.013953
13.002623 0.015812 0.050404 0.014141
13.018440 0.015817 0.050590 0.014327
13.034263 0.015822 0.050774 0.014511
13.050090 0.015828 0.050956 0.014693
13.065923 0.015833 0.051137 0.014874
13.081762 0.015839 0.051316 0.015054
13.097607 0.015844 0.051495 0.015232
13.113457 0.015850 0.051672 0.015410
13.129313 0.015856 0.051849 0.015586
13.145174 0.015862 0.052024 0.015761
13.161042 0.015868 0.052198 0.015936
13.176916 0.015874 0.052372 0.016109
13.192796 0.015880 0.052545 0.016283
13.208682 0.015886 0.052718 0.016455
13.224575 0.015892 0.052890 0.016627
13.240473 0.015898 0.053061 0.016798
13.256378 0.015905 0.053231 0.016968
13.272289 0.015911 0.053401 0.017138
13.288206 0.015917 0.053570 0.017307
13.304129 0.015923 0.053738 0.017476
13.320059 0.015930 0.053906 0.017644
13.335995 0.015936 0.054074 0.017811
13.351937 0.015942 0.054241 0.017978
13.367886 0.015949 0.054407 0.018144
13.383842 0.015955 0.054573 0.018310
13.399804 0.015962 0.054737 0.018474
13.415772 0.015969 0.054899 0.018636
13.431748 0.015975 0.055059 0.018796
13.447730 0.015982 0.055216 0.018953
13.463719 0.015989 0.055370 0.019107
13.479714 0.015996 0.055521 0.019258
13.495716 0.016002 0.055666 0.019404
13.511726 0.016009 0.055807 0.019545
13.527742 0.016016 0.055944 0.019681
13.543765 0.016023 0.056075 0.019813
13.559795 0.016030 0.056202 0.019940
13.575832 0.016037 0.056324 0.020061
13.591876 0.016044 0.056439 0.020177
13.607927 0.016051 0.056550 0.020287
13.623985 0.016058 0.056654 0.020392
13.640050 0.016065 0.056754 0.020491
13.656123 0.016072 0.056847 0.020584
13.672202 0.016080 0.056935 0.020673
13.688289 0.016087 0.057019 0.020756
13.704383 0.016094 0.057098 0.020835
13.720484 0.016101 0.057173 0.020911
13.736593 0.016109 0.057245 0.020982
13.752709 0.016116 0.057314 0.021051
13.768832 0.016123 0.057379 0.021117
13.784962 0.016131 0.057443 0.021181
13.801100 0.016138 0.057506 0.021243
13.817246 0.016145 0.057566 0.021303
13.833398 0.016153 0.057623 0.021360
13.849559 0.016160 0.057677 0.021415
13.865727 0.016168 0.057729 0.021467
13.881902 0.016175 0.057778 0.021516
13.898085 0.016183 0.057825 0.021563
13.914276 0.016191 0.057870 0.021608
13.930474 0.016198 0.057913 0.021650
13.946681 0.016206 0.057953 0.021690
13.962895 0.016214 0.057991 0.021728
13.979117 0.016222 0.058027 0.021764
13.995346 0.016230 0.058061 0.021798
14.011584 0.016238 0.058093 0.021831
14.027830 0.016246 0.058124 0.021862
14.044084 0.016254 0.058153 0.021891
14.060346 0.016262 0.058181 0.021919
14.076616 0.016270 0.058208 0.021945
14.092895 0.016278 0.058233 0.021970
14.109182 0.016287 0.058257 0.021994
14.125477 0.016295 0.058280 0.022017
14.141780 0.016304 0.058301 0.022039
14.158093 0.016312 0.058321 0.022059
14.174413 0.016321 0.058341 0.022078
14.190743 0.016330 0.058359 0.022096
14.207081 0.016338 0.058376 0.022113
14.223428 0.016347 0.058392 0.022129
14.239784 0.016356 0.058407 0.022144
14.256149 0.016365 0.058421 0.022159
14.272523 0.016374 0.058435 0.022172
14.288907 0.016383 0.058447 0.022184
14.305299 0.016392 0.058459 0.022196
14.321701 0.016402 0.058470 0.022207
14.338112 0.016411 0.058480 0.022217
14.354532 0.016421 0.058489 0.022227
14.370963 0.016430 0.058498 0.022235
14.387402 0.016440 0.058506 0.022243
14.403852 0.016450 0.058513 0.022251
14.420312 0.016459 0.058520 0.022257
14.436781 0.016469 0.058526 0.022263
14.453260 0.016480 0.058531 0.022268
14.469750 0.016490 0.058535 0.022273
14.486250 0.016500 0.058539 0.022276
14.502760 0.016510 0.058542 0.022279
14.519281 0.016521 0.058544 0.022281
14.535812 0.016531 0.058545 0.022283
14.552354 0.016542 0.058546 0.022283
14.568907 0.016553 0.058545 0.022283
14.585471 0.016564 0.058544 0.022281
14.602045 0.016574 0.058542 0.022279
14.618631 0.016585 0.058539 0.022276
14.635227 0.016597 0.058535 0.022272
14.651835 0.016608 0.058530 0.022267
14.668454 0.016619 0.058523 0.022261
14.685084 0.016630 0.058516 0.022253
14.701726 0.016642 0.058507 0.022244
14.718379 0.016653 0.058496 0.022234
14.735044 0.016665 0.058484 0.022222
14.751720 0.016676 0.058471 0.022208
14.768408 0.016688 0.058456 0.022194
14.785107 0.016699 0.058440 0.022177
14.801818 0.016711 0.058422 0.022160
14.818541 0.016723 0.058403 0.022141
14.835276 0.016735 0.058383 0.022120
14.852022 0.016747 0.058361 0.022099
14.868781 0.016758 0.058338 0.022076
14.885551 0.016770 0.058314 0.022052
14.902333 0.016782 0.058289 0.022026
14.919127 0.016794 0.058262 0.022000
14.935934 0.016806 0.058235 0.021972
14.952752 0.016818 0.058206 0.021943
14.969582 0.016830 0.058176 0.021913
14.986424 0.016842 0.058145 0.021882
15.003279 0.016855 0.058113 0.021850
15.020146 0.016867 0.058079 0.021816
15.037024 0.016879 0.058044 0.021782
15.053915 0.016891 0.058008 0.021745
15.070819 0.016903 0.057971 0.021708
15.087734 0.016916 0.057932 0.021669
15.104662 0.016928 0.057892 0.021629
15.121603 0.016940 0.057850 0.021587
15.138556 0.016953 0.057807 0.021544
15.155521 0.016965 0.057763 0.021500
15.172498 0.016978 0.057717 0.021454
15.189488 0.016990 0.057670 0.021407
15.206491 0.017003 0.057621 0.021359
15.223506 0.017015 0.057572 0.021309
15.240534 0.017028 0.057521 0.021258
15.257574 0.017040 0.057468 0.021206
15.274627 0.017053 0.057415 0.021152
15.291693 0.017066 0.057360 0.021097
15.308771 0.017078 0.057304 0.021041
15.325863 0.017091 0.057247 0.020984
15.342967 0.017104 0.057189 0.020926
15.360083 0.017117 0.057129 0.020866
15.377213 0.017130 0.057068 0.020806
15.394355 0.017142 0.057006 0.020743
15.411502 0.017146 0.056943 0.020680
15.428646 0.017145 0.056878 0.020615
15.445789 0.017143 0.056812 0.020550
15.462930 0.017141 0.056745 0.020483
15.480070 0.017140 0.056677 0.020414
15.497208 0.017138 0.056608 0.020345
15.514344 0.017136 0.056538 0.020275
15.531478 0.017134 0.056467 0.020204
15.548611 0.017133 0.056395 0.020132
15.565742 0.017131 0.056322 0.020059
15.582871 0.017129 0.056248 0.019986
15.599999 0.017128 0.056174 0.019912
15.617124 0.017126 0.056099 0.019837
15.634249 0.017124 0.056024 0.019761
15.651371 0.017122 0.055947 0.019685
15.668492 0.017121 0.055870 0.019608
15.685611 0.017119 0.055793 0.019530
15.702728 0.017117 0.055714 0.019452
15.719843 0.017116 0.055635 0.019373
15.736957 0.017114 0.055556 0.019293
15.754069 0.017112 0.055475 0.019213
15.771179 0.017110 0.055395 0.019132
15.788288 0.017109 0.055313 0.019050
15.805395 0.017107 0.055231 0.018968
15.822500 0.017105 0.055148 0.018886
15.839604 0.017104 0.055065 0.018802
15.856706 0.017102 0.054981 0.018718
15.873806 0.017100 0.054896 0.018634
15.890904 0.017098 0.054811 0.018549
15.908000 0.017096 0.054726 0.018463
15.925094 0.017094 0.054639 0.018377
15.942187 0.017092 0.054552 0.018290
15.959277 0.017090 0.054465 0.018202
15.976365 0.017088 0.054377 0.018114
15.993452 0.017086 0.054288 0.018026
16.010536 0.017084 0.054199 0.017936
16.027618 0.017082 0.054109 0.017847
16.044698 0.017080 0.054019 0.017757
16.061776 0.017078 0.053929 0.017666
16.078851 0.017076 0.053838 0.017575
16.095925 0.017074 0.053747 0.017484
16.112997 0.017072 0.053655 0.017392
16.130066 0.017070 0.053563 0.017300
16.147134 0.017068 0.053470 0.017208
16.164199 0.017066 0.053378 0.017115
16.181263 0.017064 0.053284 0.017022
16.198324 0.017062 0.053191 0.016928
16.215384 0.017060 0.053097 0.016834
16.232442 0.017058 0.053002 0.016740
16.249498 0.017056 0.052907 0.016645
16.266553 0.017054 0.052812 0.016549
16.283606 0.017053 0.052716 0.016453
16.300657 0.017051 0.052620 0.016357
16.317706 0.017050 0.052523 0.016261
16.334754 0.017048 0.052427 0.016164
16.351801 0.017046 0.052331 0.016068
16.368846 0.017045 0.052234 0.015971
16.385889 0.017043 0.052137 0.015875
16.402931 0.017042 0.052041 0.015778
16.419972 0.017041 0.051943 0.015681
16.437011 0.017039 0.051846 0.015584
16.454049 0.017038 0.051749 0.015486
16.471086 0.017037 0.051651 0.015388
16.488121 0.017035 0.051552 0.015290
16.505155 0.017034 0.051454 0.015191
16.522187 0.017032 0.051355 0.015092
16.539217 0.017030 0.051256 0.014993
16.556245 0.017028 0.051156 0.014893
16.573271 0.017026 0.051056 0.014793
16.590295 0.017024 0.050956 0.014693
16.607317 0.017022 0.050855 0.014592
16.624336 0.017020 0.050754 0.014491
16.641354 0.017018 0.050653 0.014390
16.658369 0.017015 0.050552 0.014289
16.675383 0.017013 0.050450 0.014187
16.692394 0.017012 0.050348 0.014086
16.709404 0.017010 0.050247 0.013984
16.726412 0.017008 0.050145 0.013882
16.743418 0.017006 0.050043 0.013781
16.760422 0.017004 0.049942 0.013679
16.777424 0.017002 0.049840 0.013578
16.794425 0.017001 0.049739 0.013476
16.811424 0.016999 0.049638 0.013375
16.828422 0.016998 0.049537 0.013274
16.845418 0.016996 0.049436 0.013173
16.862413 0.016995 0.049335 0.013073
16.879407 0.016994 0.049235 0.012972
16.896399 0.016992 0.049134 0.012871
16.913390 0.016991 0.049034 0.012771
16.930381 0.016990 0.048933 0.012671
16.947370 0.016989 0.048833 0.012570
16.964358 0.016988 0.048733 0.012470
16.981345 0.016987 0.048632 0.012370
16.998332 0.016986 0.048532 0.012270
17.015317 0.016986 0.048432 0.012169
17.032301 0.016984 0.048332 0.012069
17.049283 0.016982 0.048232 0.011969
17.066263 0.016980 0.048132 0.011869
17.083241 0.016978 0.048032 0.011770
17.100218 0.016976 0.047933 0.011670
17.117192 0.016975 0.047834 0.011571
17.134165 0.016973 0.047734 0.011472
17.151137 0.016971 0.047635 0.011373
17.168107 0.016970 0.047537 0.011274
17.185075 0.016969 0.047438 0.011175
17.202043 0.016967 0.047340 0.011077
17.219009 0.016966 0.047241 0.010979
17.235974 0.016965 0.047143 0.010881
17.252938 0.016964 0.047045 0.010783
17.269901 0.016963 0.046948 0.010685
17.286864 0.016962 0.046851 0.010588
17.303826 0.016962 0.046754 0.010491
17.320787 0.016961 0.046657 0.010395
17.337748 0.016961 0.046561 0.010299
17.354708 0.016961 0.046465 0.010203
17.371669 0.016960 0.046370 0.010107
17.388629 0.016960 0.046275 0.010012
17.405589 0.016960 0.046180 0.009918
17.422549 0.016960 0.046086 0.009823
17.439510 0.016960 0.045992 0.009729
17.456471 0.016961 0.045898 0.009636
17.473432 0.016961 0.045805 0.009543
17.490393 0.016962 0.045712 0.009450
17.507356 0.016962 0.045620 0.009357
17.524319 0.016963 0.045528 0.009266
17.541283 0.016964 0.045437 0.009174
17.558248 0.016965 0.045346 0.009083
17.575213 0.016966 0.045256 0.008993
17.592180 0.016967 0.045166 0.008903
17.609148 0.016968 0.045077 0.008814
17.626117 0.016969 0.044988 0.008725
17.643088 0.016970 0.044900 0.008637
17.660059 0.016972 0.044812 0.008550
17.677032 0.016973 0.044725 0.008462
17.694007 0.016974 0.044638 0.008375
17.710983 0.016976 0.044551 0.008288
17.727960 0.016977 0.044464 0.008201
17.744939 0.016979 0.044377 0.008114
17.761919 0.016980 0.044290 0.008027
17.778901 0.016982 0.044202 0.007940
17.795884 0.016983 0.044115 0.007852
17.812869 0.016985 0.044027 0.007764
17.829855 0.016986 0.043939 0.007676
17.846842 0.016988 0.043850 0.007588
17.863831 0.016989 0.043762 0.007499
17.880822 0.016990 0.043673 0.007411
17.897814 0.016992 0.043585 0.007322
17.914807 0.016993 0.043496 0.007233
17.931802 0.016995 0.043406 0.007144
17.948799 0.016997 0.043316 0.007054
17.965797 0.016998 0.043226 0.006963
17.982797 0.017000 0.043135 0.006872
17.999799 0.017002 0.043044 0.006781
18.016802 0.017003 0.042953 0.006690
18.033807 0.017005 0.042862 0.006599
18.050814 0.017007 0.042771 0.006508
18.067821 0.017007 0.042680 0.006417
18.084828 0.017008 0.042589 0.006327
18.101836 0.017008 0.042499 0.006236
18.118845 0.017009 0.042408 0.006146
18.135854 0.017009 0.042318 0.006055
18.152864 0.017010 0.042227 0.005965
18.169875 0.017011 0.042137 0.005874
18.186887 0.017012 0.042046 0.005783
18.203899 0.017013 0.041955 0.005692
18.220913 0.017014 0.041864 0.005601
18.237928 0.017015 0.041773 0.005510
18.254944 0.017016 0.041681 0.005418
18.271961 0.017017 0.041589 0.005326
18.288979 0.017018 0.041496 0.005233
18.305999 0.017020 0.041403 0.005140
18.323021 0.017021 0.041309 0.005046
18.340044 0.017023 0.041215 0.004952
18.357068 0.017025 0.041121 0.004858
18.374095 0.017026 0.041026 0.004763
18.391123 0.017028 0.040930 0.004668
18.408153 0.017030 0.040834 0.004571
18.425186 0.017032 0.040737 0.004475
18.442220 0.017034 0.040640 0.004377
18.459256 0.017036 0.040541 0.004279
18.476295 0.017039 0.040442 0.004179
18.493336 0.017041 0.040342 0.004079
18.510379 0.017043 0.040241 0.003978
18.527424 0.017045 0.040139 0.003876
18.544472 0.017048 0.040036 0.003773
18.561523 0.017050 0.039932 0.003669
18.578575 0.017053 0.039826 0.003564
18.595631 0.017055 0.039720 0.003458
18.612689 0.017058 0.039613 0.003351
18.629749 0.017060 0.039505 0.003242
18.646812 0.017063 0.039395 0.003132
18.663878 0.017066 0.039284 0.003021
18.680947 0.017068 0.039170 0.002908
18.698018 0.017071 0.039055 0.002792
18.715092 0.017074 0.038936 0.002673
18.732168 0.017077 0.038814 0.002552
18.749248 0.017080 0.038689 0.002427
18.766331 0.017082 0.038561 0.002299
18.783416 0.017085 0.038430 0.002167
18.800504 0.017088 0.038297 0.002034
18.817596 0.017091 0.038163 0.001900
18.834690 0.017094 0.038029 0.001767
18.851788 0.017097 0.037897 0.001634
18.868888 0.017100 0.037766 0.001503
18.885992 0.017103 0.037637 0.001374
18.903098 0.017106 0.037512 0.001250
18.920208 0.017110 0.037394 0.001131
18.937320 0.017113 0.037286 0.001023
18.954436 0.017116 0.037193 0.000930
18.971555 0.017119 0.037125 0.000862
18.988677 0.017122 0.037085 0.000822
19.005803 0.017125 0.037054 0.000792
19.022931 0.017129 0.037047 0.000785
19.040063 0.017132 0.037091 0.000829
19.057198 0.017135 0.037211 0.000949
19.074337 0.017138 0.037406 0.001144
19.091478 0.017142 0.037663 0.001401
19.108623 0.017145 0.037989 0.001726
19.125771 0.017148 0.038396 0.002133
19.142923 0.017152 0.038873 0.002610
19.160078 0.017155 0.039413 0.003150
19.177236 0.017158 0.040001 0.003739
19.194397 0.017161 0.040616 0.004354
19.211562 0.017165 0.041221 0.004959
19.228730 0.017168 0.041765 0.005503
19.245902 0.017172 0.042237 0.005974
19.263077 0.017175 0.042625 0.006362
19.280255 0.017178 0.042907 0.006644
19.297435 0.017181 0.043090 0.006827
19.314619 0.017183 0.043172 0.006910
19.331805 0.017186 0.043161 0.006898
19.348994 0.017189 0.043122 0.006859
19.366186 0.017192 0.043067 0.006805
19.383380 0.017195 0.042988 0.006725
19.400578 0.017198 0.042885 0.006622
19.417779 0.017201 0.042758 0.006495
19.434982 0.017204 0.042611 0.006348
19.452189 0.017207 0.042449 0.006186
19.469399 0.017210 0.042275 0.006012
19.486611 0.017213 0.042079 0.005816
19.503827 0.017216 0.041872 0.005609
19.521047 0.017219 0.041658 0.005395
19.538269 0.017222 0.041437 0.005175
19.555495 0.017226 0.041212 0.004949
19.572724 0.017229 0.040984 0.004721
19.589956 0.017232 0.040755 0.004492
19.607192 0.017236 0.040524 0.004262
19.624432 0.017239 0.040290 0.004028
19.641675 0.017243 0.040053 0.003790
19.658921 0.017247 0.039812 0.003549
19.676171 0.017250 0.039569 0.003306
19.693425 0.017254 0.039333 0.003070
19.710683 0.017258 0.039100 0.002837
19.727944 0.017262 0.038867 0.002604
19.745210 0.017266 0.038631 0.002368
19.762479 0.017269 0.038392 0.002130
19.779752 0.017273 0.038151 0.001888
19.797029 0.017277 0.037906 0.001644
19.814310 0.017281 0.037660 0.001398
19.831594 0.017285 0.037412 0.001149
19.848883 0.017289 0.037158 0.000896
19.866175 0.017293 0.036905 0.000643
19.883472 0.017297 0.036655 0.000393
19.900773 0.017301 0.036410 0.000147
19.918078 0.017305 0.036169 -0.000094
19.935387 0.017309 0.035932 -0.000330
19.952700 0.017313 0.035699 -0.000564
19.970018 0.017317 0.035467 -0.000795
19.987339 0.017322 0.035237 -0.001025
20.004665 0.017326 0.035010 -0.001253
20.021995 0.017330 0.034784 -0.001479
20.039330 0.017334 0.034559 -0.001704
20.056653 0.017323 0.034335 -0.001928
20.073959 0.017306 0.034116 -0.002147
20.091260 0.017301 0.033898 -0.002364
20.108549 0.017290 0.033683 -0.002579
20.125816 0.017267 0.033471 -0.002792
20.143061 0.017245 0.033261 -0.003002
20.160291 0.017230 0.033052 -0.003210
20.177509 0.017218 0.032847 -0.003416
20.194712 0.017203 0.032644 -0.003619
20.211888 0.017176 0.032446 -0.003817
20.229038 0.017151 0.032255 -0.004008
20.246172 0.017134 0.032071 -0.004192
20.263297 0.017125 0.031898 -0.004365
20.280393 0.017095 0.031736 -0.004526
20.297456 0.017064 0.031588 -0.004675
20.314499 0.017042 0.031452 -0.004810
20.331528 0.017029 0.031332 -0.004931
20.348534 0.017006 0.031225 -0.005038
20.365506 0.016972 0.031130 -0.005132
20.382453 0.016947 0.031048 -0.005215
20.399384 0.016931 0.030976 -0.005286
20.416295 0.016911 0.030915 -0.005347
20.433173 0.016878 0.030865 -0.005398
20.450025 0.016852 0.030826 -0.005437
20.466861 0.016836 0.030795 -0.005468
20.483683 0.016822 0.030771 -0.005492
20.500479 0.016796 0.030751 -0.005512
20.517256 0.016777 0.030728 -0.005534
20.534017 0.016762 0.030696 -0.005567
20.550769 0.016752 0.030655 -0.005607
20.567497 0.016728 0.030613 -0.005650
20.584206 0.016708 0.030567 -0.005696
20.600900 0.016694 0.030516 -0.005747
20.617589 0.016689 0.030463 -0.005799
20.634258 0.016669 0.030408 -0.005855
20.650906 0.016649 0.030348 -0.005915
20.667542 0.016635 0.030282 -0.005980
20.684178 0.016636 0.030214 -0.006049
20.700796 0.016618 0.030139 -0.006124
20.717394 0.016598 0.030063 -0.006199
20.733980 0.016586 0.029988 -0.006274
20.750569 0.016589 0.029915 -0.006347
20.767142 0.016573 0.029846 -0.006417
20.783697 0.016554 0.029776 -0.006486
20.800241 0.016545 0.029705 -0.006558
20.816787 0.016546 0.029632 -0.006631
20.833319 0.016532 0.029556 -0.006707
20.849834 0.016514 0.029480 -0.006783
20.866339 0.016506 0.029401 -0.006861
20.882846 0.016507 0.029318 -0.006944
20.899339 0.016493 0.029230 -0.007033
20.915815 0.016476 0.029137 -0.007126
20.932283 0.016468 0.029039 -0.007223
20.948749 0.016466 0.028940 -0.007322
20.965203 0.016455 0.028840 -0.007422
20.981645 0.016441 0.028740 -0.007523
20.998079 0.016434 0.028636 -0.007626
21.014506 0.016428 0.028531 -0.007732
21.030912 0.016405 0.028420 -0.007843
21.047297 0.016386 0.028307 -0.007955
21.063682 0.016385 0.028197 -0.008065
21.080088 0.016406 0.028093 -0.008170
21.096485 0.016397 0.027996 -0.008266
21.112869 0.016384 0.027910 -0.008353
21.129246 0.016377 0.027834 -0.008428
21.145615 0.016369 0.027771 -0.008492
21.161989 0.016373 0.027720 -0.008543
21.178336 0.016347 0.027682 -0.008581
21.194663 0.016327 0.027656 -0.008606
21.210964 0.016300 0.027643 -0.008619
21.227240 0.016277 0.027642 -0.008620
21.243515 0.016274 0.027653 -0.008610
21.259774 0.016260 0.027673 -0.008590
21.276030 0.016256 0.027701 -0.008562
21.292293 0.016263 0.027735 -0.008528
21.308536 0.016243 0.027775 -0.008488
21.324769 0.016233 0.027818 -0.008445
21.340989 0.016219 0.027863 -0.008400
21.357177 0.016188 0.027908 -0.008354
21.373357 0.016180 0.027953 -0.008310
21.389543 0.016186 0.027993 -0.008270
21.405722 0.016180 0.028028 -0.008235
21.421865 0.016143 0.028056 -0.008207
21.437991 0.016126 0.028076 -0.008187
21.454126 0.016135 0.028085 -0.008177
21.470249 0.016123 0.028086 -0.008177
21.486336 0.016086 0.028081 -0.008182
21.502410 0.016074 0.028070 -0.008193
21.518488 0.016079 0.028061 -0.008202
21.534558 0.016070 0.028053 -0.008210
21.550587 0.016029 0.028046 -0.008217
21.566604 0.016017 0.028036 -0.008227
21.582626 0.016022 0.028022 -0.008241
21.598636 0.016009 0.028000 -0.008263
21.614606 0.015970 0.027966 -0.008297
21.630561 0.015956 0.027920 -0.008342
21.646515 0.015953 0.027867 -0.008396
21.662445 0.015931 0.027808 -0.008454
21.678333 0.015888 0.027744 -0.008518
21.694212 0.015878 0.027677 -0.008586
21.710086 0.015875 0.027609 -0.008653
21.725936 0.015850 0.027541 -0.008721
21.741745 0.015809 0.027473 -0.008790
21.757551 0.015806 0.027405 -0.008858
21.773352 0.015802 0.027338 -0.008925
21.789127 0.015775 0.027271 -0.008992
21.804865 0.015738 0.027204 -0.009059
21.820604 0.015738 0.027135 -0.009127
21.836339 0.015735 0.027066 -0.009196
21.852045 0.015706 0.026996 -0.009267
21.867727 0.015682 0.026924 -0.009338
21.883407 0.015680 0.026853 -0.009410
21.899085 0.015678 0.026780 -0.009482
21.914732 0.015648 0.026708 -0.009554
21.930367 0.015635 0.026637 -0.009626
21.946003 0.015636 0.026565 -0.009697
21.961639 0.015636 0.026494 -0.009768
21.977254 0.015615 0.026424 -0.009838
21.992859 0.015605 0.026355 -0.009907
22.008467 0.015608 0.026288 -0.009975
22.024078 0.015611 0.026222 -0.010040
22.039677 0.015598 0.026158 -0.010104
22.055272 0.015595 0.026097 -0.010166
22.070868 0.015596 0.026037 -0.010226
22.086477 0.015609 0.025979 -0.010284
22.102071 0.015594 0.025923 -0.010340
22.117671 0.015599 0.025868 -0.010394
22.133272 0.015601 0.025815 -0.010447
22.148883 0.015611 0.025764 -0.010499
22.164485 0.015602 0.025713 -0.010550
22.180094 0.015609 0.025663 -0.010600
22.195712 0.015618 0.025613 -0.010649
22.211331 0.015619 0.025564 -0.010699
22.226942 0.015611 0.025515 -0.010748
22.242565 0.015623 0.025466 -0.010797
22.258197 0.015632 0.025416 -0.010846
22.273816 0.015619 0.025367 -0.010896
22.289431 0.015616 0.025316 -0.010947
22.305029 0.015597 0.025260 -0.011003
22.320602 0.015573 0.025199 -0.011063
22.336120 0.015518 0.025134 -0.011129
22.351607 0.015487 0.025064 -0.011199
22.367080 0.015473 0.024989 -0.011273
22.382541 0.015461 0.024909 -0.011354
22.397959 0.015419 0.024824 -0.011439
22.413359 0.015400 0.024734 -0.011529
22.428749 0.015389 0.024639 -0.011623
22.444134 0.015385 0.024542 -0.011721
22.459491 0.015357 0.024442 -0.011821
22.474847 0.015356 0.024339 -0.011923
22.490217 0.015370 0.024235 -0.012028
22.505572 0.015355 0.024129 -0.012133
22.520886 0.015314 0.024023 -0.012239
22.536120 0.015233 0.023917 -0.012346
22.551282 0.015163 0.023811 -0.012452
22.566387 0.015104 0.023704 -0.012559
22.581436 0.015049 0.023598 -0.012665
22.596414 0.014978 0.023492 -0.012770
22.611347 0.014932 0.023389 -0.012874
22.626253 0.014907 0.023285 -0.012978
22.641148 0.014895 0.023181 -0.013082
22.656052 0.014905 0.023076 -0.013186
22.670982 0.014930 0.022970 -0.013293
22.685947 0.014965 0.022862 -0.013400
22.700960 0.015012 0.022753 -0.013509
22.716016 0.015056 0.022642 -0.013620
22.731115 0.015100 0.022529 -0.013734
22.746246 0.015131 0.022413 -0.013849
22.761411 0.015164 0.022296 -0.013966
22.776609 0.015199 0.022179 -0.014083
22.791845 0.015236 0.022062 -0.014200
22.807117 0.015271 0.021946 -0.014317
22.822429 0.015313 0.021830 -0.014433
22.837780 0.015351 0.021715 -0.014548
22.853172 0.015392 0.021600 -0.014663
22.868604 0.015432 0.021485 -0.014778
22.884077 0.015473 0.021370 -0.014893
22.899590 0.015512 0.021255 -0.015008
22.915134 0.015544 0.021139 -0.015123
22.930705 0.015572 0.021023 -0.015239
22.946306 0.015600 0.020907 -0.015355
22.961930 0.015624 0.020790 -0.015473
22.977575 0.015645 0.020671 -0.015592
22.993244 0.015669 0.020551 -0.015711
23.008934 0.015690 0.020431 -0.015832
23.024645 0.015711 0.020311 -0.015952
23.040377 0.015732 0.020190 -0.016073
23.056127 0.015751 0.020070 -0.016193
23.071897 0.015769 0.019949 -0.016313
23.087683 0.015786 0.019829 -0.016433
23.103488 0.015805 0.019709 -0.016553
23.119305 0.015817 0.019589 -0.016673
23.135134 0.015829 0.019469 -0.016793
23.150975 0.015841 0.019349 -0.016914
23.166826 0.015851 0.019227 -0.017036
23.182689 0.015863 0.019105 -0.017158
23.198564 0.015875 0.018981 -0.017281
23.214452 0.015888 0.018857 -0.017406
23.230352 0.015901 0.018731 -0.017532
23.246266 0.015914 0.018604 -0.017658
23.262196 0.015930 0.018476 -0.017786
23.278139 0.015944 0.018348 -0.017915
23.294098 0.015959 0.018218 -0.018045
23.310075 0.015977 0.018088 -0.018175
23.326067 0.015992 0.017957 -0.018306
23.342076 0.016009 0.017825 -0.018437
23.358101 0.016025 0.017693 -0.018569
23.374141 0.016040 0.017561 -0.018702
23.390196 0.016056 0.017427 -0.018835
23.406266 0.016070 0.017293 -0.018970
23.422350 0.016084 0.017157 -0.019105
23.438449 0.016099 0.017021 -0.019242
23.454561 0.016112 0.016884 -0.019379
23.470687 0.016126 0.016746 -0.019517
23.486827 0.016140 0.016608 -0.019655
23.502981 0.016153 0.016470 -0.019793
23.519147 0.016167 0.016331 -0.019932
23.535326 0.016179 0.016192 -0.020070
23.551518 0.016192 0.016053 -0.020209
23.567722 0.016204 0.015914 -0.020348
23.583938 0.016216 0.015775 -0.020488
23.600166 0.016228 0.015635 -0.020627
23.616405 0.016240 0.015496 -0.020767
23.632657 0.016252 0.015356 -0.020906
23.648922 0.016264 0.015217 -0.021046
23.665198 0.016276 0.015077 -0.021185
23.681486 0.016288 0.014938 -0.021324
23.697787 0.016301 0.014799 -0.021464
23.714100 0.016313 0.014660 -0.021603
23.730424 0.016325 0.014520 -0.021743
23.746761 0.016337 0.014380 -0.021882
23.763111 0.016349 0.014240 -0.022022
23.779471 0.016361 0.014100 -0.022163
23.795844 0.016373 0.013960 -0.022303
23.812229 0.016384 0.013819 -0.022444
23.828624 0.016396 0.013678 -0.022585
23.845031 0.016407 0.013536 -0.022726
23.861448 0.016418 0.013395 -0.022868
23.877877 0.016429 0.013253 -0.023010
23.894317 0.016440 0.013110 -0.023152
23.910770 0.016453 0.012967 -0.023296
23.927235 0.016465 0.012822 -0.023441
23.943711 0.016476 0.012676 -0.023587
23.960200 0.016489 0.012528 -0.023735
23.976697 0.016497 0.012379 -0.023883
23.993199 0.016503 0.012230 -0.024032
24.009708 0.016508 0.012080 -0.024182
24.026222 0.016514 0.011930 -0.024333
24.042743 0.016521 0.011779 -0.024484
24.059270 0.016527 0.011628 -0.024635
24.075803 0.016533 0.011477 -0.024786
24.092343 0.016540 0.011326 -0.024937
24.108889 0.016546 0.011174 -0.025088
24.125440 0.016552 0.011023 -0.025240
24.141980 0.016540 0.010872 -0.025391
24.158509 0.016529 0.010722 -0.025541
24.175029 0.016520 0.010573 -0.025690
24.191541 0.016512 0.010424 -0.025839
24.208047 0.016505 0.010276 -0.025987
24.224546 0.016500 0.010127 -0.026135
24.241041 0.016495 0.009980 -0.026283
24.257533 0.016492 0.009833 -0.026430
24.274022 0.016489 0.009687 -0.026576
24.290509 0.016487 0.009541 -0.026722
24.306993 0.016484 0.009394 -0.026869
24.323475 0.016482 0.009246 -0.027017
24.339956 0.016481 0.009097 -0.027166
24.356435 0.016479 0.008948 -0.027315
24.372914 0.016478 0.008799 -0.027464
24.389391 0.016478 0.008649 -0.027613
24.405869 0.016478 0.008500 -0.027763
24.422348 0.016479 0.008350 -0.027913
24.438828 0.016480 0.008199 -0.028063
24.455310 0.016482 0.008048 -0.028215
24.471795 0.016485 0.007896 -0.028367
24.488282 0.016487 0.007743 -0.028520
24.504773 0.016491 0.007590 -0.028673
24.521267 0.016494 0.007436 -0.028827
24.537766 0.016499 0.007282 -0.028980
24.554269 0.016503 0.007128 -0.029134
24.570777 0.016508 0.006975 -0.029288
24.587291 0.016514 0.006822 -0.029441
24.603811 0.016520 0.006669 -0.029594
24.620337 0.016526 0.006517 -0.029746
24.636870 0.016533 0.006366 -0.029896
24.653410 0.016540 0.006216 -0.030047
24.669958 0.016548 0.006066 -0.030197
24.686514 0.016556 0.005916 -0.030347
24.703077 0.016564 0.005766 -0.030497
24.719649 0.016572 0.005617 -0.030645
24.736229 0.016580 0.005470 -0.030793
24.752817 0.016588 0.005323 -0.030939
24.769414 0.016596 0.005178 -0.031085
24.786018 0.016604 0.005033 -0.031230
24.802630 0.016612 0.004889 -0.031373
24.819250 0.016620 0.004746 -0.031516
24.835877 0.016627 0.004605 -0.031658
24.852512 0.016634 0.004464 -0.031798
24.869154 0.016642 0.004329 -0.031933
24.885803 0.016649 0.004202 -0.032060
24.902460 0.016657 0.004086 -0.032177
24.919124 0.016664 0.003983 -0.032280
24.935796 0.016672 0.003895 -0.032367
24.952476 0.016680 0.003827 -0.032435
24.969164 0.016688 0.003782 -0.032480
24.985860 0.016696 0.003768 -0.032495
25.002565 0.016705 0.003790 -0.032472
25.019278 0.016713 0.003854 -0.032409
25.036000 0.016722 0.003961 -0.032302
25.052731 0.016731 0.004113 -0.032150
25.069471 0.016740 0.004310 -0.031952
25.086221 0.016749 0.004552 -0.031711
25.102979 0.016759 0.004836 -0.031427
25.119747 0.016768 0.005161 -0.031102
25.136525 0.016778 0.005524 -0.030739
25.153313 0.016788 0.005922 -0.030341
25.170110 0.016798 0.006347 -0.029916
25.186918 0.016808 0.006791 -0.029472
25.203736 0.016818 0.007244 -0.029019
25.220563 0.016828 0.007694 -0.028569
25.237401 0.016838 0.008134 -0.028129
25.254249 0.016848 0.008559 -0.027704
25.271108 0.016858 0.008968 -0.027295
25.287976 0.016868 0.009359 -0.026904
25.304854 0.016878 0.009732 -0.026531
25.321742 0.016888 0.010087 -0.026176
25.338639 0.016898 0.010425 -0.025838
25.355547 0.016907 0.010746 -0.025516
25.372464 0.016917 0.011053 -0.025210
25.389390 0.016926 0.011347 -0.024915
25.406324 0.016935 0.011631 -0.024631
25.423267 0.016943 0.011906 -0.024357
25.440217 0.016951 0.012173 -0.024089
25.457176 0.016959 0.012435 -0.023828
25.474142 0.016966 0.012691 -0.023571
25.491115 0.016973 0.012943 -0.023319
25.508095 0.016980 0.013192 -0.023071
25.525082 0.016987 0.013437 -0.022826
25.542075 0.016994 0.013677 -0.022585
25.559076 0.017001 0.013914 -0.022349
25.576083 0.017007 0.014147 -0.022116
25.593096 0.017013 0.014374 -0.021888
25.610116 0.017019 0.014595 -0.021667
25.627141 0.017025 0.014808 -0.021454
25.644172 0.017031 0.015013 -0.021249
25.661209 0.017037 0.015214 -0.021048
25.678251 0.017042 0.015412 -0.020851
25.695299 0.017047 0.015606 -0.020656
25.712352 0.017053 0.015798 -0.020465
25.729410 0.017058 0.015987 -0.020276
25.746472 0.017063 0.016174 -0.020089
25.763540 0.017068 0.016360 -0.019903
25.780612 0.017072 0.016546 -0.019716
25.797690 0.017078 0.016733 -0.019530
25.814773 0.017083 0.016917 -0.019345
25.831863 0.017090 0.017096 -0.019166
25.848959 0.017096 0.017269 -0.018994
25.866060 0.017102 0.017435 -0.018828
25.883168 0.017108 0.017595 -0.018668
25.900283 0.017114 0.017749 -0.018514
25.917404 0.017121 0.017899 -0.018364
25.934531 0.017128 0.018045 -0.018218
25.951665 0.017134 0.018187 -0.018075
25.968805 0.017140 0.018327 -0.017936
25.985952 0.017147 0.018464 -0.017798
26.003105 0.017153 0.018600 -0.017663
26.020264 0.017159 0.018734 -0.017529
26.037430 0.017165 0.018866 -0.017396
26.054601 0.017171 0.018998 -0.017265
26.071778 0.017177 0.019128 -0.017135
26.088961 0.017183 0.019256 -0.017006
26.106150 0.017189 0.019384 -0.016879
26.123344 0.017195 0.019511 -0.016752
26.140545 0.017201 0.019638 -0.016624
26.157753 0.017207 0.019766 -0.016496
26.174967 0.017214 0.019895 -0.016368
26.192187 0.017220 0.020027 -0.016236
26.209414 0.017227 0.020164 -0.016098
26.226647 0.017233 0.020306 -0.015957
26.243887 0.017240 0.020451 -0.015812
26.261133 0.017246 0.020598 -0.015664
26.278385 0.017252 0.020747 -0.015515
26.295643 0.017258 0.020898 -0.015365
26.312907 0.017264 0.021050 -0.015212
26.330177 0.017270 0.021207 -0.015055
26.347451 0.017275 0.021369 -0.014893
26.364731 0.017279 0.021537 -0.014726
26.382014 0.017284 0.021710 -0.014552
26.399302 0.017287 0.021893 -0.014370
26.416593 0.017291 0.022085 -0.014177
26.433888 0.017295 0.022287 -0.013975
26.451187 0.017299 0.022499 -0.013764
26.468489 0.017302 0.022719 -0.013543
26.485795 0.017306 0.022948 -0.013315
26.503105 0.017310 0.023184 -0.013079
26.520408 0.017303 0.023427 -0.012836
26.537693 0.017285 0.023675 -0.012587
26.554953 0.017260 0.023926 -0.012336
26.572188 0.017235 0.024179 -0.012083
26.589398 0.017210 0.024433 -0.011829
26.606584 0.017186 0.024681 -0.011582
26.623747 0.017163 0.024922 -0.011340
26.640889 0.017141 0.025162 -0.011100
26.658010 0.017121 0.025405 -0.010858
26.675113 0.017103 0.025655 -0.010608
26.692198 0.017086 0.025908 -0.010355
26.709267 0.017068 0.026166 -0.010097
26.726318 0.017051 0.026426 -0.009836
26.743351 0.017033 0.026686 -0.009577
26.760365 0.017014 0.026943 -0.009320
26.777360 0.016995 0.027198 -0.009064
26.794336 0.016976 0.027453 -0.008810
26.811292 0.016956 0.027707 -0.008556
26.828230 0.016938 0.027960 -0.008303
26.845151 0.016921 0.028210 -0.008052
26.862056 0.016905 0.028459 -0.007803
26.878946 0.016890 0.028708 -0.007554
26.895822 0.016877 0.028958 -0.007305
26.912687 0.016865 0.029208 -0.007054
26.929545 0.016858 0.029457 -0.006806
26.946398 0.016852 0.029704 -0.006559
26.963239 0.016841 0.029947 -0.006315
26.980065 0.016827 0.030179 -0.006084
26.996878 0.016813 0.030394 -0.005868
27.013677 0.016799 0.030597 -0.005665
27.030462 0.016785 0.030786 -0.005476
27.047234 0.016772 0.030954 -0.005309
27.063992 0.016758 0.031098 -0.005164
27.080737 0.016745 0.031223 -0.005040
27.097469 0.016732 0.031327 -0.004936
27.114188 0.016719 0.031412 -0.004851
27.130895 0.016707 0.031484 -0.004779
27.147589 0.016695 0.031542 -0.004721
27.164273 0.016683 0.031588 -0.004675
27.180946 0.016673 0.031623 -0.004640
27.197603 0.016658 0.031649 -0.004613
27.214246 0.016643 0.031667 -0.004596
27.230874 0.016628 0.031677 -0.004586
27.247489 0.016615 0.031678 -0.004585
27.264090 0.016602 0.031673 -0.004589
27.280680 0.016590 0.031664 -0.004599
27.297259 0.016578 0.031650 -0.004613
27.313826 0.016568 0.031633 -0.004629
27.330384 0.016558 0.031611 -0.004652
27.346933 0.016549 0.031583 -0.004679
27.363475 0.016542 0.031549 -0.004713
27.380012 0.016537 0.031506 -0.004756
27.396544 0.016532 0.031455 -0.004808
27.413073 0.016529 0.031396 -0.004867
27.429598 0.016526 0.031331 -0.004932
27.446122 0.016524 0.031261 -0.005002
27.462645 0.016523 0.031186 -0.005076
27.479168 0.016522 0.031108 -0.005154
27.495690 0.016523 0.031028 -0.005235
27.512214 0.016524 0.030944 -0.005318
27.528740 0.016526 0.030857 -0.005406
27.545268 0.016528 0.030766 -0.005496
27.561799 0.016531 0.030672 -0.005590
27.578334 0.016534 0.030576 -0.005687
27.594872 0.016538 0.030476 -0.005786
27.611414 0.016543 0.030375 -0.005888
27.627962 0.016548 0.030272 -0.005991
27.644516 0.016554 0.030168 -0.006094
27.661076 0.016561 0.030066 -0.006197
27.677644 0.016568 0.029964 -0.006298
27.694221 0.016576 0.029864 -0.006398
27.710806 0.016585 0.029767 -0.006496
27.727394 0.016588 0.029673 -0.006590
27.743985 0.016591 0.029582 -0.006681
27.760580 0.016595 0.029497 -0.006765
27.777179 0.016600 0.029420 -0.006843
27.793784 0.016604 0.029349 -0.006914
27.810393 0.016609 0.029285 -0.006978
27.827007 0.016614 0.029228 -0.007034
27.843628 0.016621 0.029179 -0.007083
27.860256 0.016628 0.029138 -0.007125
27.876890 0.016634 0.029103 -0.007159
27.893529 0.016638 0.029076 -0.007187
27.910170 0.016641 0.029055 -0.007208
27.926814 0.016644 0.029040 -0.007223
27.943458 0.016644 0.029031 -0.007231
27.960102 0.016644 0.029028 -0.007234
27.976747 0.016645 0.029031 -0.007232
27.993394 0.016647 0.029039 -0.007223
28.010050 0.016656 0.029052 -0.007210
28.026723 0.016672 0.029070 -0.007193
28.043383 0.016660 0.029091 -0.007171
28.060027 0.016644 0.029117 -0.007146
28.076662 0.016635 0.029146 -0.007117
28.093303 0.016642 0.029178 -0.007085
28.109954 0.016651 0.029213 -0.007049
28.126607 0.016653 0.029252 -0.007011
28.143257 0.016650 0.029293 -0.006969
28.159903 0.016646 0.029338 -0.006925
28.176542 0.016639 0.029385 -0.006877
28.193174 0.016632 0.029436 -0.006827
28.209795 0.016621 0.029488 -0.006774
28.226409 0.016614 0.029543 -0.006719
28.243018 0.016609 0.029600 -0.006662
28.259620 0.016602 0.029659 -0.006604
28.276214 0.016594 0.029719 -0.006543
28.292801 0.016587 0.029780 -0.006483
28.309382 0.016581 0.029838 -0.006425
28.325960 0.016577 0.029895 -0.006368
28.342535 0.016576 0.029952 -0.006310
28.359111 0.016576 0.030009 -0.006253
28.375687 0.016576 0.030066 -0.006197
28.392263 0.016576 0.030121 -0.006142
28.408838 0.016576 0.030175 -0.006087
28.425413 0.016575 0.030228 -0.006034
28.441987 0.016574 0.030279 -0.005984
28.458561 0.016573 0.030327 -0.005936
28.475135 0.016575 0.030372 -0.005891
28.491713 0.016578 0.030414 -0.005849
28.508295 0.016582 0.030453 -0.005809
28.524882 0.016587 0.030490 -0.005773
28.541474 0.016592 0.030523 -0.005740
28.558075 0.016601 0.030553 -0.005710
28.574683 0.016609 0.030580 -0.005683
28.591300 0.016616 0.030604 -0.005659
28.607922 0.016623 0.030624 -0.005639
28.624549 0.016626 0.030641 -0.005622
28.641179 0.016630 0.030654 -0.005608
28.657813 0.016634 0.030665 -0.005598
28.674451 0.016638 0.030674 -0.005588
28.691093 0.016642 0.030683 -0.005580
28.707738 0.016645 0.030692 -0.005571
28.724386 0.016648 0.030701 -0.005561
28.741036 0.016650 0.030712 -0.005551
28.757689 0.016652 0.030724 -0.005538
28.774344 0.016655 0.030738 -0.005524
28.791002 0.016658 0.030754 -0.005508
28.807664 0.016662 0.030773 -0.005490
28.824330 0.016666 0.030794 -0.005469
28.841000 0.016670 0.030818 -0.005445
28.857676 0.016675 0.030843 -0.005419
28.874354 0.016678 0.030870 -0.005392
28.891030 0.016676 0.030898 -0.005365
28.907705 0.016675 0.030926 -0.005337
28.924378 0.016673 0.030954 -0.005309
28.941050 0.016672 0.030982 -0.005280
28.957721 0.016671 0.031012 -0.005251
28.974391 0.016670 0.031042 -0.005221
28.991060 0.016669 0.031073 -0.005189
29.007729 0.016669 0.031106 -0.005156
29.024397 0.016668 0.031141 -0.005121
29.041065 0.016668 0.031179 -0.005083
29.057732 0.016667 0.031221 -0.005042
29.074398 0.016667 0.031266 -0.004996
29.091064 0.016666 0.031318 -0.004945
29.107729 0.016665 0.031376 -0.004887
29.124393 0.016664 0.031440 -0.004823
29.141057 0.016663 0.031511 -0.004751
29.157719 0.016662 0.031590 -0.004673
29.174380 0.016661 0.031675 -0.004587
29.191039 0.016660 0.031768 -0.004495
29.207697 0.016658 0.031868 -0.004395
29.224354 0.016657 0.031975 -0.004287
29.241010 0.016656 0.032090 -0.004173
29.257664 0.016655 0.032212 -0.004051
29.274318 0.016654 0.032341 -0.003922
29.290972 0.016653 0.032477 -0.003785
29.307624 0.016653 0.032621 -0.003642
29.324277 0.016653 0.032771 -0.003492
29.340929 0.016652 0.032928 -0.003335
29.357582 0.016652 0.033090 -0.003172
29.374234 0.016652 0.033258 -0.003004
29.390886 0.016653 0.033431 -0.002831
29.407539 0.016653 0.033608 -0.002654
29.424193 0.016653 0.033789 -0.002474
29.440847 0.016654 0.033971 -0.002291
29.457501 0.016654 0.034156 -0.002107
29.474155 0.016654 0.034339 -0.001923
29.490810 0.016655 0.034522 -0.001741
29.507466 0.016656 0.034701 -0.001561
29.524122 0.016657 0.034878 -0.001384
29.540780 0.016658 0.035052 -0.001211
29.557439 0.016659 0.035221 -0.001041
29.574100 0.016661 0.035387 -0.000876
29.590763 0.016663 0.035547 -0.000716
29.607427 0.016665 0.035702 -0.000561
29.624094 0.016667 0.035852 -0.000411
29.640763 0.016669 0.035996 -0.000266
29.657432 0.016669 0.036136 -0.000127
29.674102 0.016670 0.036271 0.000008
29.690773 0.016671 0.036402 0.000139
29.707445 0.016672 0.036526 0.000264
29.724117 0.016673 0.036645 0.000382
29.740791 0.016674 0.036756 0.000493
29.757465 0.016674 0.036860 0.000597
29.774141 0.016675 0.036958 0.000695
29.790817 0.016676 0.037049 0.000787
29.807495 0.016678 0.037134 0.000872
29.824174 0.016679 0.037213 0.000950
29.840855 0.016681 0.037285 0.001023
29.857538 0.016682 0.037352 0.001089
29.874222 0.016684 0.037413 0.001150
29.890908 0.016686 0.037470 0.001207
29.907596 0.016688 0.037522 0.001259
29.924287 0.016691 0.037571 0.001308
29.940980 0.016693 0.037617 0.001354
29.957676 0.016696 0.037661 0.001398
29.974374 0.016698 0.037702 0.001440
29.991076 0.016702 0.037743 0.001480
30.000000 0.008924 0.037764 0.001502
