Gauge gauge_2 Location: X=4.521, Y=2.196
Time(s) dt(s) Depth(m) Elevation(m)
0.017486 0.017486 0.005399 0.000000
0.034972 0.017486 0.005399 0.000000
0.052459 0.017486 0.005399 0.000000
0.069945 0.017486 0.005399 -0.000000
0.087431 0.017486 0.005399 -0.000000
0.104917 0.017486 0.005399 -0.000000
0.122403 0.017486 0.005399 -0.000000
0.139889 0.017486 0.005399 -0.000000
0.157375 0.017486 0.005399 -0.000000
0.174860 0.017485 0.005399 -0.000000
0.192345 0.017485 0.005399 -0.000000
0.209830 0.017485 0.005399 -0.000000
0.227314 0.017484 0.005399 -0.000000
0.244798 0.017484 0.005398 -0.000000
0.262282 0.017484 0.005398 -0.000000
0.279766 0.017484 0.005398 -0.000000
0.297249 0.017483 0.005398 -0.000000
0.314732 0.017483 0.005398 -0.000000
0.332215 0.017483 0.005398 -0.000000
0.349697 0.017483 0.005398 -0.000000
0.367180 0.017482 0.005398 -0.000000
0.384662 0.017482 0.005398 -0.000000
0.402144 0.017482 0.005398 -0.000000
0.419626 0.017482 0.005398 -0.000000
0.437107 0.017482 0.005398 -0.000000
0.454589 0.017482 0.005398 -0.000000
0.472071 0.017482 0.005398 -0.000000
0.489552 0.017482 0.005398 -0.000001
0.507034 0.017481 0.005398 -0.000001
0.524515 0.017481 0.005398 -0.000001
0.541996 0.017481 0.005398 -0.000001
0.559478 0.017481 0.005397 -0.000001
0.576959 0.017481 0.005397 -0.000001
0.594441 0.017481 0.005397 -0.000001
0.611922 0.017481 0.005397 -0.000002
0.629403 0.017481 0.005397 -0.000002
0.646885 0.017481 0.005396 -0.000002
0.664366 0.017481 0.005396 -0.000002
0.681848 0.017481 0.005396 -0.000003
0.699329 0.017482 0.005396 -0.000003
0.716811 0.017482 0.005395 -0.000003
0.734292 0.017482 0.005395 -0.000004
0.751774 0.017482 0.005394 -0.000004
0.769256 0.017482 0.005394 -0.000005
0.786738 0.017482 0.005393 -0.000006
0.804220 0.017482 0.005392 -0.000006
0.821702 0.017482 0.005391 -0.000007
0.839184 0.017482 0.005391 -0.000008
0.856666 0.017482 0.005390 -0.000009
0.874148 0.017482 0.005389 -0.000010
0.891630 0.017482 0.005388 -0.000011
0.909113 0.017482 0.005387 -0.000012
0.926595 0.017482 0.005385 -0.000013
0.944077 0.017482 0.005384 -0.000014
0.961560 0.017483 0.005383 -0.000016
0.979043 0.017483 0.005382 -0.000017
0.996525 0.017483 0.005380 -0.000018
1.014008 0.017483 0.005379 -0.000020
1.031491 0.017483 0.005378 -0.000021
1.048973 0.017483 0.005376 -0.000022
1.066456 0.017483 0.005375 -0.000024
1.083939 0.017483 0.005374 -0.000025
1.101422 0.017483 0.005373 -0.000026
1.118905 0.017483 0.005371 -0.000027
1.136388 0.017483 0.005370 -0.000028
1.153870 0.017483 0.005369 -0.000029
1.171353 0.017483 0.005368 -0.000030
1.188836 0.017483 0.005367 -0.000031
1.206319 0.017483 0.005367 -0.000032
1.223802 0.017483 0.005366 -0.000033
1.241284 0.017483 0.005365 -0.000033
1.258767 0.017483 0.005364 -0.000034
1.276250 0.017483 0.005364 -0.000035
1.293732 0.017483 0.005363 -0.000036
1.311215 0.017483 0.005362 -0.000036
1.328697 0.017482 0.005362 -0.000037
1.346180 0.017482 0.005361 -0.000038
1.363662 0.017482 0.005360 -0.000038
1.381144 0.017482 0.005360 -0.000039
1.398627 0.017482 0.005360 -0.000039
1.416109 0.017482 0.005359 -0.000039
1.433591 0.017482 0.005359 -0.000040
1.451073 0.017482 0.005359 -0.000040
1.468555 0.017482 0.005358 -0.000040
1.486037 0.017482 0.005358 -0.000040
1.503519 0.017482 0.005358 -0.000041
1.521001 0.017482 0.005358 -0.000041
1.538482 0.017482 0.005357 -0.000041
1.555964 0.017482 0.005357 -0.000041
1.573446 0.017482 0.005357 -0.000042
1.590927 0.017482 0.005357 -0.000042
1.608409 0.017481 0.005357 -0.000042
1.625890 0.017481 0.005357 -0.000042
1.643371 0.017481 0.005356 -0.000042
1.660852 0.017481 0.005356 -0.000042
1.678333 0.017481 0.005356 -0.000042
1.695814 0.017481 0.005357 -0.000042
1.713295 0.017481 0.005357 -0.000042
1.730776 0.017481 0.005357 -0.000042
1.748257 0.017481 0.005357 -0.000041
1.765738 0.017481 0.005358 -0.000041
1.783218 0.017481 0.005359 -0.000040
1.800699 0.017480 0.005359 -0.000039
1.818179 0.017480 0.005360 -0.000038
1.835659 0.017480 0.005361 -0.000037
1.853139 0.017480 0.005363 -0.000036
1.870620 0.017480 0.005364 -0.000035
1.888100 0.017480 0.005365 -0.000033
1.905579 0.017480 0.005367 -0.000031
1.923059 0.017480 0.005369 -0.000030
1.940539 0.017480 0.005371 -0.000028
1.958019 0.017480 0.005373 -0.000026
1.975498 0.017480 0.005375 -0.000024
1.992978 0.017480 0.005377 -0.000022
2.010457 0.017480 0.005379 -0.000019
2.027937 0.017479 0.005382 -0.000017
2.045416 0.017479 0.005384 -0.000014
2.062896 0.017479 0.005387 -0.000012
2.080375 0.017479 0.005390 -0.000009
2.097855 0.017479 0.005392 -0.000006
2.115334 0.017479 0.005395 -0.000003
2.132813 0.017479 0.005398 -0.000000
2.150293 0.017479 0.005401 0.000002
2.167772 0.017479 0.005404 0.000005
2.185252 0.017479 0.005406 0.000008
2.202731 0.017480 0.005409 0.000010
2.220211 0.017480 0.005411 0.000013
2.237691 0.017480 0.005414 0.000015
2.255170 0.017480 0.005416 0.000017
2.272650 0.017480 0.005418 0.000019
2.290131 0.017480 0.005419 0.000021
2.307611 0.017480 0.005421 0.000022
2.325092 0.017481 0.005422 0.000024
2.342572 0.017481 0.005423 0.000025
2.360053 0.017481 0.005424 0.000026
2.377535 0.017481 0.005425 0.000027
2.395017 0.017482 0.005426 0.000028
2.412499 0.017482 0.005427 0.000028
2.429981 0.017482 0.005427 0.000029
2.447464 0.017483 0.005428 0.000029
2.464948 0.017483 0.005428 0.000030
2.482431 0.017484 0.005429 0.000030
2.499916 0.017484 0.005429 0.000030
2.517401 0.017485 0.005429 0.000031
2.534886 0.017485 0.005429 0.000031
2.552371 0.017485 0.005429 0.000031
2.569857 0.017485 0.005429 0.000030
2.587342 0.017485 0.005429 0.000030
2.604827 0.017485 0.005429 0.000030
2.622313 0.017485 0.005428 0.000030
2.639798 0.017485 0.005428 0.000029
2.657283 0.017485 0.005428 0.000029
2.674768 0.017485 0.005427 0.000029
2.692253 0.017485 0.005427 0.000028
2.709739 0.017485 0.005426 0.000028
2.727224 0.017485 0.005426 0.000027
2.744709 0.017485 0.005425 0.000026
2.762194 0.017485 0.005424 0.000026
2.779679 0.017485 0.005424 0.000025
2.797164 0.017485 0.005423 0.000024
2.814649 0.017485 0.005422 0.000024
2.832134 0.017485 0.005421 0.000023
2.849619 0.017485 0.005420 0.000022
2.867104 0.017485 0.005420 0.000021
2.884589 0.017485 0.005419 0.000020
2.902074 0.017485 0.005418 0.000019
2.919559 0.017485 0.005417 0.000018
2.937044 0.017485 0.005416 0.000017
2.954529 0.017485 0.005415 0.000016
2.972014 0.017485 0.005414 0.000015
2.989499 0.017485 0.005412 0.000014
3.006984 0.017485 0.005411 0.000013
3.024469 0.017485 0.005410 0.000011
3.041954 0.017485 0.005409 0.000010
3.059439 0.017485 0.005407 0.000009
3.076924 0.017485 0.005406 0.000007
3.094409 0.017485 0.005404 0.000006
3.111894 0.017485 0.005403 0.000004
3.129380 0.017485 0.005401 0.000003
3.146865 0.017485 0.005400 0.000001
3.164350 0.017485 0.005398 -0.000000
3.181835 0.017485 0.005397 -0.000002
3.199320 0.017485 0.005395 -0.000004
3.216805 0.017485 0.005393 -0.000005
3.234291 0.017485 0.005392 -0.000007
3.251776 0.017485 0.005390 -0.000008
3.269261 0.017485 0.005389 -0.000010
3.286747 0.017485 0.005387 -0.000011
3.304232 0.017485 0.005386 -0.000012
3.321717 0.017485 0.005385 -0.000014
3.339203 0.017485 0.005384 -0.000015
3.356688 0.017485 0.005383 -0.000016
3.374174 0.017485 0.005382 -0.000017
3.391659 0.017485 0.005381 -0.000017
3.409144 0.017485 0.005380 -0.000018
3.426630 0.017485 0.005380 -0.000019
3.444115 0.017485 0.005379 -0.000019
3.461601 0.017485 0.005379 -0.000020
3.479086 0.017485 0.005378 -0.000020
3.496572 0.017485 0.005378 -0.000021
3.514057 0.017485 0.005378 -0.000021
3.531543 0.017485 0.005377 -0.000021
3.549028 0.017485 0.005377 -0.000021
3.566514 0.017485 0.005377 -0.000021
3.583999 0.017485 0.005377 -0.000021
3.601485 0.017485 0.005378 -0.000021
3.618970 0.017486 0.005378 -0.000021
3.636456 0.017486 0.005378 -0.000020
3.653941 0.017486 0.005379 -0.000020
3.671427 0.017486 0.005380 -0.000019
3.688913 0.017486 0.005380 -0.000018
3.706399 0.017486 0.005381 -0.000017
3.723885 0.017486 0.005382 -0.000016
3.741371 0.017486 0.005383 -0.000016
3.758858 0.017487 0.005384 -0.000014
3.776345 0.017487 0.005385 -0.000013
3.793832 0.017487 0.005386 -0.000012
3.811320 0.017487 0.005387 -0.000011
3.828807 0.017488 0.005389 -0.000010
3.846296 0.017488 0.005390 -0.000009
3.863784 0.017488 0.005391 -0.000008
3.881272 0.017488 0.005392 -0.000006
3.898760 0.017488 0.005393 -0.000005
3.916247 0.017487 0.005394 -0.000004
3.933734 0.017487 0.005395 -0.000003
3.951221 0.017487 0.005396 -0.000002
3.968707 0.017486 0.005397 -0.000001
3.986193 0.017486 0.005398 -0.000000
4.003679 0.017486 0.005400 0.000001
4.021165 0.017486 0.005401 0.000002
4.038650 0.017485 0.005402 0.000003
4.056135 0.017485 0.005403 0.000004
4.073620 0.017485 0.005403 0.000005
4.091104 0.017485 0.005404 0.000006
4.108588 0.017484 0.005405 0.000007
4.126073 0.017484 0.005406 0.000008
4.143557 0.017484 0.005407 0.000008
4.161041 0.017484 0.005408 0.000009
4.178525 0.017484 0.005408 0.000010
4.196008 0.017484 0.005409 0.000011
4.213492 0.017484 0.005410 0.000011
4.230976 0.017484 0.005411 0.000012
4.248460 0.017484 0.005411 0.000013
4.265944 0.017484 0.005412 0.000014
4.283427 0.017484 0.005413 0.000014
4.300911 0.017484 0.005413 0.000015
4.318395 0.017484 0.005414 0.000015
4.335880 0.017484 0.005415 0.000016
4.353364 0.017484 0.005415 0.000017
4.370848 0.017484 0.005416 0.000017
4.388333 0.017485 0.005416 0.000018
4.405818 0.017485 0.005417 0.000018
4.423303 0.017485 0.005417 0.000019
4.440788 0.017485 0.005418 0.000019
4.458273 0.017485 0.005418 0.000019
4.475759 0.017486 0.005418 0.000020
4.493245 0.017486 0.005419 0.000020
4.510732 0.017486 0.005419 0.000021
4.528218 0.017487 0.005420 0.000021
4.545705 0.017487 0.005420 0.000021
4.563191 0.017487 0.005420 0.000022
4.580678 0.017486 0.005421 0.000022
4.598164 0.017486 0.005421 0.000023
4.615650 0.017486 0.005422 0.000023
4.633137 0.017486 0.005422 0.000024
4.650623 0.017486 0.005423 0.000024
4.668109 0.017486 0.005423 0.000025
4.685596 0.017486 0.005424 0.000025
4.703082 0.017487 0.005424 0.000026
4.720569 0.017487 0.005425 0.000026
4.738056 0.017487 0.005425 0.000027
4.755543 0.017487 0.005426 0.000027
4.773031 0.017487 0.005426 0.000028
4.790518 0.017488 0.005427 0.000028
4.808006 0.017488 0.005427 0.000029
4.825494 0.017488 0.005428 0.000029
4.842982 0.017488 0.005428 0.000030
4.860471 0.017489 0.005429 0.000030
4.877960 0.017489 0.005429 0.000031
4.895449 0.017489 0.005430 0.000031
4.912938 0.017490 0.005430 0.000032
4.930428 0.017490 0.005431 0.000032
4.947919 0.017490 0.005431 0.000033
4.965409 0.017491 0.005432 0.000034
4.982900 0.017491 0.005433 0.000034
5.000392 0.017491 0.005433 0.000035
5.017883 0.017492 0.005434 0.000035
5.035376 0.017492 0.005434 0.000036
5.052868 0.017492 0.005435 0.000036
5.070360 0.017493 0.005436 0.000037
5.087853 0.017493 0.005436 0.000038
5.105346 0.017493 0.005437 0.000038
5.122840 0.017493 0.005437 0.000039
5.140333 0.017494 0.005438 0.000039
5.157827 0.017494 0.005439 0.000040
5.175321 0.017494 0.005439 0.000041
5.192816 0.017494 0.005440 0.000041
5.210310 0.017495 0.005440 0.000042
5.227805 0.017495 0.005441 0.000042
5.245300 0.017495 0.005442 0.000043
5.262795 0.017495 0.005442 0.000044
5.280290 0.017495 0.005443 0.000044
5.297786 0.017496 0.005443 0.000045
5.315282 0.017496 0.005444 0.000045
5.332778 0.017496 0.005445 0.000046
5.350274 0.017496 0.005445 0.000047
5.367770 0.017496 0.005446 0.000047
5.385267 0.017497 0.005447 0.000048
5.402763 0.017497 0.005447 0.000049
5.420260 0.017497 0.005448 0.000049
5.437758 0.017497 0.005448 0.000050
5.455255 0.017498 0.005449 0.000051
5.472753 0.017498 0.005450 0.000051
5.490251 0.017498 0.005450 0.000052
5.507750 0.017498 0.005451 0.000053
5.525248 0.017499 0.005452 0.000053
5.542747 0.017499 0.005452 0.000054
5.560247 0.017499 0.005453 0.000055
5.577746 0.017500 0.005454 0.000055
5.595246 0.017500 0.005454 0.000056
5.612746 0.017500 0.005455 0.000057
5.630246 0.017500 0.005456 0.000057
5.647746 0.017500 0.005456 0.000058
5.665247 0.017500 0.005457 0.000059
5.682747 0.017500 0.005458 0.000059
5.700247 0.017500 0.005458 0.000060
5.717747 0.017500 0.005459 0.000061
5.735247 0.017500 0.005460 0.000061
5.752748 0.017500 0.005460 0.000062
5.770248 0.017500 0.005461 0.000063
5.787749 0.017501 0.005462 0.000063
5.805249 0.017501 0.005462 0.000064
5.822750 0.017501 0.005463 0.000064
5.840251 0.017501 0.005464 0.000065
5.857752 0.017501 0.005464 0.000066
5.875254 0.017501 0.005465 0.000066
5.892755 0.017502 0.005465 0.000067
5.910257 0.017502 0.005466 0.000067
5.927759 0.017502 0.005466 0.000068
5.945262 0.017502 0.005467 0.000068
5.962764 0.017503 0.005467 0.000069
5.980267 0.017503 0.005467 0.000069
5.997770 0.017503 0.005468 0.000069
6.015274 0.017504 0.005468 0.000069
6.032778 0.017504 0.005468 0.000070
6.050282 0.017504 0.005468 0.000070
6.067786 0.017505 0.005469 0.000070
6.085291 0.017505 0.005469 0.000070
6.102797 0.017505 0.005469 0.000070
6.120302 0.017506 0.005468 0.000070
6.137808 0.017506 0.005468 0.000070
6.155314 0.017506 0.005468 0.000070
6.172820 0.017506 0.005468 0.000069
6.190327 0.017507 0.005467 0.000069
6.207834 0.017507 0.005467 0.000069
6.225342 0.017507 0.005467 0.000068
6.242850 0.017508 0.005466 0.000067
6.260358 0.017508 0.005465 0.000067
6.277866 0.017508 0.005465 0.000066
6.295374 0.017508 0.005464 0.000065
6.312883 0.017509 0.005463 0.000064
6.330392 0.017509 0.005462 0.000063
6.347901 0.017509 0.005461 0.000062
6.365411 0.017509 0.005460 0.000061
6.382920 0.017510 0.005459 0.000060
6.400430 0.017510 0.005458 0.000059
6.417940 0.017510 0.005456 0.000058
6.435450 0.017510 0.005455 0.000057
6.452961 0.017511 0.005454 0.000055
6.470472 0.017511 0.005452 0.000054
6.487983 0.017511 0.005451 0.000052
6.505494 0.017511 0.005449 0.000051
6.523005 0.017511 0.005448 0.000050
6.540517 0.017512 0.005447 0.000048
6.558029 0.017512 0.005445 0.000047
6.575541 0.017512 0.005444 0.000045
6.593053 0.017512 0.005442 0.000044
6.610566 0.017512 0.005441 0.000042
6.628078 0.017513 0.005439 0.000041
6.645591 0.017513 0.005438 0.000039
6.663104 0.017513 0.005436 0.000038
6.680617 0.017513 0.005435 0.000036
6.698131 0.017513 0.005434 0.000035
6.715644 0.017514 0.005432 0.000034
6.733158 0.017514 0.005431 0.000032
6.750672 0.017514 0.005430 0.000031
6.768186 0.017514 0.005428 0.000030
6.785701 0.017514 0.005427 0.000029
6.803215 0.017515 0.005426 0.000028
6.820730 0.017515 0.005425 0.000026
6.838245 0.017515 0.005424 0.000025
6.855761 0.017515 0.005423 0.000024
6.873276 0.017516 0.005422 0.000024
6.890792 0.017516 0.005421 0.000023
6.908308 0.017516 0.005421 0.000022
6.925824 0.017516 0.005420 0.000022
6.943341 0.017516 0.005420 0.000021
6.960858 0.017517 0.005419 0.000021
6.978375 0.017517 0.005419 0.000020
6.995892 0.017517 0.005418 0.000020
7.013409 0.017517 0.005418 0.000020
7.030926 0.017517 0.005418 0.000019
7.048443 0.017517 0.005418 0.000019
7.065960 0.017517 0.005418 0.000019
7.083478 0.017517 0.005418 0.000019
7.100995 0.017517 0.005418 0.000019
7.118512 0.017517 0.005418 0.000019
7.136030 0.017517 0.005418 0.000020
7.153547 0.017517 0.005419 0.000020
7.171065 0.017518 0.005419 0.000021
7.188582 0.017518 0.005420 0.000022
7.206100 0.017518 0.005421 0.000023
7.223618 0.017518 0.005423 0.000024
7.241136 0.017518 0.005424 0.000025
7.258655 0.017518 0.005426 0.000027
7.276173 0.017518 0.005427 0.000029
7.293691 0.017518 0.005429 0.000030
7.311209 0.017518 0.005431 0.000032
7.328728 0.017518 0.005433 0.000034
7.346246 0.017518 0.005435 0.000037
7.363764 0.017518 0.005437 0.000039
7.381282 0.017518 0.005440 0.000041
7.398801 0.017518 0.005442 0.000043
7.416319 0.017518 0.005444 0.000046
7.433838 0.017518 0.005447 0.000048
7.451356 0.017519 0.005449 0.000050
7.468875 0.017519 0.005451 0.000053
7.486394 0.017519 0.005454 0.000055
7.503912 0.017519 0.005456 0.000058
7.521431 0.017519 0.005458 0.000060
7.538950 0.017519 0.005461 0.000062
7.556469 0.017519 0.005463 0.000065
7.573988 0.017519 0.005466 0.000067
7.591507 0.017519 0.005468 0.000069
7.609026 0.017519 0.005470 0.000072
7.626545 0.017519 0.005472 0.000074
7.644064 0.017519 0.005475 0.000076
7.661584 0.017519 0.005477 0.000078
7.679103 0.017520 0.005479 0.000080
7.696623 0.017520 0.005481 0.000082
7.714143 0.017520 0.005483 0.000085
7.731663 0.017520 0.005485 0.000087
7.749183 0.017520 0.005487 0.000089
7.766703 0.017520 0.005489 0.000091
7.784224 0.017520 0.005491 0.000093
7.801744 0.017521 0.005493 0.000094
7.819265 0.017521 0.005495 0.000096
7.836786 0.017521 0.005496 0.000098
7.854307 0.017521 0.005498 0.000100
7.871829 0.017521 0.005500 0.000101
7.889350 0.017522 0.005501 0.000103
7.906872 0.017522 0.005503 0.000104
7.924394 0.017522 0.005504 0.000106
7.941916 0.017522 0.005506 0.000107
7.959438 0.017522 0.005507 0.000108
7.976961 0.017523 0.005508 0.000110
7.994484 0.017523 0.005510 0.000111
8.012006 0.017523 0.005511 0.000112
8.029530 0.017523 0.005512 0.000113
8.047053 0.017523 0.005513 0.000114
8.064576 0.017524 0.005514 0.000115
8.082100 0.017524 0.005515 0.000116
8.099624 0.017524 0.005516 0.000117
8.117148 0.017524 0.005517 0.000118
8.134672 0.017524 0.005518 0.000119
8.152196 0.017524 0.005518 0.000120
8.169721 0.017524 0.005519 0.000121
8.187245 0.017524 0.005520 0.000121
8.204770 0.017525 0.005520 0.000122
8.222294 0.017525 0.005521 0.000123
8.239819 0.017525 0.005522 0.000123
8.257344 0.017525 0.005522 0.000124
8.274869 0.017525 0.005523 0.000124
8.292394 0.017525 0.005524 0.000125
8.309920 0.017525 0.005524 0.000126
8.327445 0.017525 0.005525 0.000126
8.344967 0.017521 0.005525 0.000127
8.362483 0.017516 0.005526 0.000127
8.379993 0.017511 0.005526 0.000128
8.397498 0.017505 0.005527 0.000128
8.414998 0.017500 0.005527 0.000129
8.432492 0.017494 0.005528 0.000129
8.449981 0.017489 0.005528 0.000130
8.467464 0.017483 0.005529 0.000130
8.484942 0.017478 0.005530 0.000131
8.502414 0.017472 0.005530 0.000132
8.519880 0.017466 0.005531 0.000132
8.537340 0.017460 0.005531 0.000133
8.554794 0.017454 0.005532 0.000134
8.572242 0.017448 0.005533 0.000134
8.589683 0.017442 0.005534 0.000135
8.607119 0.017436 0.005534 0.000136
8.624548 0.017429 0.005535 0.000137
8.641971 0.017423 0.005536 0.000137
8.659387 0.017416 0.005537 0.000138
8.676796 0.017409 0.005538 0.000139
8.694198 0.017402 0.005539 0.000140
8.711594 0.017395 0.005539 0.000141
8.728982 0.017388 0.005540 0.000142
8.746362 0.017381 0.005541 0.000143
8.763735 0.017373 0.005542 0.000144
8.781100 0.017365 0.005543 0.000145
8.798457 0.017357 0.005544 0.000146
8.815806 0.017349 0.005545 0.000147
8.833147 0.017341 0.005546 0.000148
8.850479 0.017332 0.005547 0.000149
8.867802 0.017323 0.005549 0.000150
8.885116 0.017314 0.005550 0.000151
8.902421 0.017305 0.005551 0.000152
8.919717 0.017295 0.005552 0.000153
8.937002 0.017286 0.005553 0.000155
8.954278 0.017276 0.005554 0.000156
8.971543 0.017265 0.005556 0.000157
8.988798 0.017255 0.005557 0.000158
9.006043 0.017244 0.005558 0.000159
9.023276 0.017233 0.005559 0.000161
9.040499 0.017222 0.005560 0.000162
9.057710 0.017211 0.005562 0.000163
9.074909 0.017199 0.005563 0.000164
9.092097 0.017188 0.005564 0.000165
9.109272 0.017176 0.005565 0.000167
9.126436 0.017163 0.005566 0.000168
9.143587 0.017151 0.005567 0.000169
9.160725 0.017139 0.005568 0.000170
9.177851 0.017126 0.005569 0.000171
9.194964 0.017113 0.005570 0.000172
9.212063 0.017100 0.005571 0.000173
9.229150 0.017086 0.005572 0.000174
9.246223 0.017073 0.005573 0.000175
9.263282 0.017059 0.005574 0.000175
9.280328 0.017046 0.005574 0.000176
9.297360 0.017032 0.005575 0.000176
9.314378 0.017018 0.005575 0.000177
9.331382 0.017004 0.005576 0.000177
9.348371 0.016990 0.005576 0.000177
9.365347 0.016976 0.005576 0.000177
9.382308 0.016961 0.005576 0.000177
9.399255 0.016947 0.005575 0.000177
9.416188 0.016933 0.005575 0.000176
9.433106 0.016918 0.005574 0.000176
9.450009 0.016904 0.005574 0.000175
9.466898 0.016889 0.005573 0.000174
9.483773 0.016875 0.005572 0.000173
9.500633 0.016860 0.005571 0.000172
9.517479 0.016846 0.005569 0.000171
9.534310 0.016831 0.005568 0.000169
9.551127 0.016817 0.005566 0.000167
9.567929 0.016802 0.005564 0.000165
9.584717 0.016788 0.005562 0.000163
9.601491 0.016774 0.005559 0.000161
9.618251 0.016760 0.005557 0.000158
9.634997 0.016746 0.005554 0.000155
9.651728 0.016732 0.005550 0.000152
9.668446 0.016718 0.005547 0.000149
9.685150 0.016704 0.005543 0.000145
9.701840 0.016690 0.005540 0.000141
9.718516 0.016676 0.005536 0.000137
9.735179 0.016663 0.005531 0.000133
9.751829 0.016650 0.005527 0.000128
9.768465 0.016636 0.005522 0.000123
9.785088 0.016623 0.005517 0.000118
9.801698 0.016610 0.005511 0.000113
9.818295 0.016597 0.005506 0.000107
9.834879 0.016584 0.005500 0.000101
9.851451 0.016571 0.005494 0.000095
9.868010 0.016559 0.005488 0.000089
9.884556 0.016546 0.005481 0.000083
9.901090 0.016534 0.005474 0.000076
9.917612 0.016522 0.005467 0.000069
9.934122 0.016510 0.005460 0.000062
9.950620 0.016498 0.005453 0.000054
9.967106 0.016486 0.005445 0.000047
9.983581 0.016474 0.005437 0.000039
10.000044 0.016463 0.005429 0.000031
10.016495 0.016451 0.005421 0.000023
10.032935 0.016440 0.005413 0.000014
10.049364 0.016429 0.005404 0.000006
10.065782 0.016418 0.005395 -0.000003
10.082188 0.016407 0.005386 -0.000012
10.098584 0.016396 0.005377 -0.000021
10.114969 0.016385 0.005368 -0.000031
10.131344 0.016375 0.005358 -0.000040
10.147708 0.016364 0.005348 -0.000050
10.164062 0.016354 0.005339 -0.000060
10.180405 0.016343 0.005329 -0.000070
10.196738 0.016333 0.005318 -0.000080
10.213061 0.016323 0.005308 -0.000090
10.229374 0.016313 0.005298 -0.000101
10.245677 0.016303 0.005287 -0.000111
10.261971 0.016293 0.005277 -0.000122
10.278255 0.016284 0.005266 -0.000133
10.294529 0.016274 0.005255 -0.000144
10.310793 0.016265 0.005244 -0.000155
10.327049 0.016255 0.005233 -0.000166
10.343294 0.016246 0.005221 -0.000177
10.359531 0.016237 0.005210 -0.000189
10.375759 0.016227 0.005198 -0.000200
10.391977 0.016218 0.005187 -0.000212
10.408186 0.016209 0.005175 -0.000224
10.424387 0.016200 0.005163 -0.000235
10.440578 0.016191 0.005151 -0.000247
10.456761 0.016183 0.005139 -0.000260
10.472935 0.016174 0.005127 -0.000272
10.489100 0.016165 0.005115 -0.000284
10.505256 0.016157 0.005102 -0.000296
10.521405 0.016148 0.005090 -0.000309
10.537544 0.016140 0.005077 -0.000321
10.553675 0.016131 0.005065 -0.000334
10.569798 0.016123 0.005052 -0.000347
10.585913 0.016115 0.005039 -0.000359
10.602019 0.016106 0.005026 -0.000372
10.618117 0.016098 0.005013 -0.000385
10.634207 0.016090 0.005000 -0.000399
10.650289 0.016082 0.004986 -0.000412
10.666363 0.016074 0.004973 -0.000425
10.682429 0.016066 0.004959 -0.000439
10.698487 0.016058 0.004946 -0.000453
10.714538 0.016050 0.004932 -0.000467
10.730580 0.016043 0.004918 -0.000481
10.746616 0.016035 0.004904 -0.000495
10.762643 0.016028 0.004890 -0.000509
10.778663 0.016020 0.004875 -0.000523
10.794676 0.016013 0.004861 -0.000538
10.810682 0.016006 0.004846 -0.000552
10.826680 0.015998 0.004832 -0.000567
10.842671 0.015991 0.004817 -0.000582
10.858655 0.015984 0.004802 -0.000597
10.874632 0.015977 0.004787 -0.000612
10.890602 0.015970 0.004771 -0.000627
10.906565 0.015963 0.004756 -0.000643
10.922521 0.015956 0.004740 -0.000658
10.938470 0.015949 0.004724 -0.000674
10.954413 0.015943 0.004708 -0.000690
10.970349 0.015936 0.004692 -0.000706
10.986279 0.015930 0.004676 -0.000723
11.002202 0.015923 0.004659 -0.000739
11.018120 0.015917 0.004643 -0.000756
11.034031 0.015911 0.004626 -0.000773
11.049935 0.015905 0.004609 -0.000790
11.065834 0.015899 0.004592 -0.000807
11.081727 0.015893 0.004574 -0.000824
11.097615 0.015887 0.004557 -0.000842
11.113496 0.015882 0.004539 -0.000859
11.129372 0.015876 0.004521 -0.000877
11.145242 0.015870 0.004503 -0.000895
11.161107 0.015865 0.004485 -0.000913
11.176967 0.015859 0.004467 -0.000932
11.192821 0.015854 0.004448 -0.000950
11.208669 0.015849 0.004429 -0.000969
11.224513 0.015844 0.004410 -0.000988
11.240351 0.015839 0.004391 -0.001007
11.256185 0.015834 0.004372 -0.001027
11.272014 0.015829 0.004352 -0.001046
11.287838 0.015824 0.004333 -0.001066
11.303657 0.015819 0.004313 -0.001085
11.319472 0.015815 0.004293 -0.001105
11.335282 0.015810 0.004273 -0.001125
11.351088 0.015806 0.004253 -0.001145
11.366890 0.015802 0.004233 -0.001166
11.382687 0.015798 0.004212 -0.001186
11.398481 0.015793 0.004191 -0.001207
11.414270 0.015789 0.004171 -0.001228
11.430056 0.015786 0.004149 -0.001249
11.445837 0.015782 0.004128 -0.001271
11.461616 0.015778 0.004106 -0.001292
11.477390 0.015774 0.004085 -0.001314
11.493161 0.015771 0.004062 -0.001336
11.508929 0.015768 0.004040 -0.001358
11.524693 0.015764 0.004018 -0.001381
11.540454 0.015761 0.003995 -0.001404
11.556212 0.015758 0.003972 -0.001427
11.571967 0.015755 0.003949 -0.001450
11.587720 0.015752 0.003925 -0.001473
11.603469 0.015750 0.003901 -0.001497
11.619216 0.015747 0.003877 -0.001521
11.634960 0.015744 0.003853 -0.001545
11.650702 0.015742 0.003829 -0.001570
11.666442 0.015739 0.003804 -0.001595
11.682179 0.015737 0.003779 -0.001620
11.697913 0.015735 0.003754 -0.001645
11.713646 0.015732 0.003728 -0.001670
11.729376 0.015730 0.003702 -0.001696
11.745104 0.015728 0.003676 -0.001722
11.760830 0.015726 0.003650 -0.001748
11.776553 0.015724 0.003624 -0.001775
11.792275 0.015721 0.003597 -0.001802
11.807994 0.015719 0.003570 -0.001829
11.823711 0.015717 0.003543 -0.001856
11.839427 0.015715 0.003515 -0.001883
11.855140 0.015714 0.003487 -0.001911
11.870852 0.015712 0.003459 -0.001939
11.886562 0.015710 0.003431 -0.001967
11.902270 0.015708 0.003403 -0.001996
11.917977 0.015707 0.003374 -0.002024
11.933682 0.015705 0.003345 -0.002053
11.949386 0.015704 0.003316 -0.002083
11.965088 0.015702 0.003287 -0.002112
11.980789 0.015701 0.003257 -0.002141
11.996488 0.015700 0.003227 -0.002171
12.012186 0.015698 0.003197 -0.002201
12.027883 0.015697 0.003167 -0.002232
12.043580 0.015696 0.003137 -0.002262
12.059275 0.015695 0.003106 -0.002293
12.074969 0.015694 0.003075 -0.002324
12.090662 0.015693 0.003044 -0.002355
12.106355 0.015693 0.003013 -0.002386
12.122047 0.015692 0.002981 -0.002418
12.137738 0.015691 0.002949 -0.002449
12.153429 0.015691 0.002917 -0.002481
12.169119 0.015690 0.002885 -0.002513
12.184809 0.015690 0.002853 -0.002546
12.200499 0.015690 0.002821 -0.002578
12.216188 0.015689 0.002788 -0.002611
12.231878 0.015689 0.002755 -0.002643
12.247567 0.015689 0.002722 -0.002676
12.263256 0.015689 0.002689 -0.002710
12.278946 0.015689 0.002656 -0.002743
12.294635 0.015690 0.002622 -0.002776
12.310325 0.015690 0.002588 -0.002810
12.326016 0.015690 0.002554 -0.002844
12.341706 0.015691 0.002520 -0.002878
12.357398 0.015691 0.002486 -0.002913
12.373090 0.015692 0.002452 -0.002947
12.388783 0.015693 0.002417 -0.002982
12.404477 0.015694 0.002382 -0.003016
12.420171 0.015695 0.002347 -0.003051
12.435867 0.015696 0.002312 -0.003086
12.451564 0.015697 0.002277 -0.003121
12.467262 0.015698 0.002242 -0.003156
12.482962 0.015700 0.002207 -0.003191
12.498663 0.015701 0.002172 -0.003227
12.514366 0.015703 0.002137 -0.003262
12.530071 0.015705 0.002102 -0.003297
12.545778 0.015707 0.002067 -0.003332
12.561487 0.015709 0.002032 -0.003366
12.577197 0.015711 0.001998 -0.003400
12.592911 0.015713 0.001964 -0.003434
12.608626 0.015716 0.001930 -0.003468
12.624344 0.015718 0.001897 -0.003501
12.640065 0.015721 0.001864 -0.003535
12.655788 0.015723 0.001831 -0.003567
12.671515 0.015726 0.001799 -0.003600
12.687244 0.015729 0.001766 -0.003632
12.702976 0.015732 0.001734 -0.003664
12.718712 0.015735 0.001703 -0.003696
12.734451 0.015739 0.001671 -0.003727
12.750193 0.015742 0.001640 -0.003758
12.765939 0.015746 0.001610 -0.003789
12.781688 0.015749 0.001579 -0.003819
12.797441 0.015753 0.001549 -0.003849
12.813198 0.015757 0.001519 -0.003879
12.828959 0.015761 0.001490 -0.003909
12.844724 0.015765 0.001461 -0.003938
12.860493 0.015769 0.001432 -0.003967
12.876267 0.015774 0.001403 -0.003995
12.892045 0.015778 0.001375 -0.004024
12.907828 0.015783 0.001347 -0.004051
12.923615 0.015787 0.001320 -0.004079
12.939407 0.015792 0.001294 -0.004105
12.955203 0.015797 0.001269 -0.004130
12.971005 0.015802 0.001243 -0.004155
12.986812 0.015807 0.001218 -0.004180
13.002623 0.015812 0.001194 -0.004205
13.018440 0.015817 0.001169 -0.004229
13.034263 0.015822 0.001145 -0.004253
13.050090 0.015828 0.001121 -0.004277
13.065923 0.015833 0.001098 -0.004301
13.081762 0.015839 0.001075 -0.004324
13.097607 0.015844 0.001052 -0.004347
13.113457 0.015850 0.001029 -0.004369
13.129313 0.015856 0.001007 -0.004392
13.145174 0.015862 0.000985 -0.004414
13.161042 0.015868 0.000963 -0.004436
13.176916 0.015874 0.000941 -0.004457
13.192796 0.015880 0.000920 -0.004479
13.208682 0.015886 0.000899 -0.004499
13.224575 0.015892 0.000878 -0.004520
13.240473 0.015898 0.000858 -0.004540
13.256378 0.015905 0.000838 -0.004560
13.272289 0.015911 0.000819 -0.004580
13.288206 0.015917 0.000800 -0.004599
13.304129 0.015923 0.000781 -0.004618
13.320059 0.015930 0.000762 -0.004636
13.335995 0.015936 0.000744 -0.004654
13.351937 0.015942 0.000727 -0.004672
13.367886 0.015949 0.000709 -0.004689
13.383842 0.015955 0.000692 -0.004706
13.399804 0.015962 0.000676 -0.004723
13.415772 0.015969 0.000660 -0.004739
13.431748 0.015975 0.000644 -0.004755
13.447730 0.015982 0.000628 -0.004770
13.463719 0.015989 0.000613 -0.004785
13.479714 0.015996 0.000599 -0.004800
13.495716 0.016002 0.000585 -0.004814
13.511726 0.016009 0.000571 -0.004828
13.527742 0.016016 0.000557 -0.004841
13.543765 0.016023 0.000544 -0.004855
13.559795 0.016030 0.000531 -0.004867
13.575832 0.016037 0.000519 -0.004880
13.591876 0.016044 0.000507 -0.004892
13.607927 0.016051 0.000495 -0.004904
13.623985 0.016058 0.000483 -0.004915
13.640050 0.016065 0.000472 -0.004926
13.656123 0.016072 0.000461 -0.004937
13.672202 0.016080 0.000451 -0.004948
13.688289 0.016087 0.000440 -0.004958
13.704383 0.016094 0.000430 -0.004968
13.720484 0.016101 0.000421 -0.004978
13.736593 0.016109 0.000411 -0.004987
13.752709 0.016116 0.000402 -0.004997
13.768832 0.016123 0.000393 -0.005006
13.784962 0.016131 0.000384 -0.005015
13.801100 0.016138 0.000375 -0.005023
13.817246 0.016145 0.000367 -0.005032
13.833398 0.016153 0.000359 -0.005040
13.849559 0.016160 0.000351 -0.005048
13.865727 0.016168 0.000343 -0.005055
13.881902 0.016175 0.000336 -0.005063
13.898085 0.016183 0.000328 -0.005070
13.914276 0.016191 0.000321 -0.005077
13.930474 0.016198 0.000315 -0.005084
13.946681 0.016206 0.000308 -0.005091
13.962895 0.016214 0.000301 -0.005097
13.979117 0.016222 0.000295 -0.005103
13.995346 0.016230 0.000289 -0.005109
14.011584 0.016238 0.000283 -0.005115
14.027830 0.016246 0.000277 -0.005121
14.044084 0.016254 0.000272 -0.005127
14.060346 0.016262 0.000266 -0.005132
14.076616 0.016270 0.000261 -0.005137
14.092895 0.016278 0.000256 -0.005142
14.109182 0.016287 0.000251 -0.005147
14.125477 0.016295 0.000247 -0.005152
14.141780 0.016304 0.000242 -0.005156
14.158093 0.016312 0.000238 -0.005161
14.174413 0.016321 0.000234 -0.005165
14.190743 0.016330 0.000230 -0.005169
14.207081 0.016338 0.000226 -0.005173
14.223428 0.016347 0.000222 -0.005176
14.239784 0.016356 0.000219 -0.005180
14.256149 0.016365 0.000215 -0.005183
14.272523 0.016374 0.000212 -0.005187
14.288907 0.016383 0.000209 -0.005190
14.305299 0.016392 0.000206 -0.005193
14.321701 0.016402 0.000203 -0.005196
14.338112 0.016411 0.000200 -0.005199
14.354532 0.016421 0.000197 -0.005202
14.370963 0.016430 0.000194 -0.005204
14.387402 0.016440 0.000192 -0.005207
14.403852 0.016450 0.000189 -0.005209
14.420312 0.016459 0.000187 -0.005212
14.436781 0.016469 0.000184 -0.005214
14.453260 0.016480 0.000182 -0.005217
14.469750 0.016490 0.000179 -0.005219
14.486250 0.016500 0.000177 -0.005221
14.502760 0.016510 0.000175 -0.005224
14.519281 0.016521 0.000173 -0.005226
14.535812 0.016531 0.000171 -0.005228
14.552354 0.016542 0.000169 -0.005230
14.568907 0.016553 0.000167 -0.005232
14.585471 0.016564 0.000165 -0.005234
14.602045 0.016574 0.000163 -0.005236
14.618631 0.016585 0.000161 -0.005238
14.635227 0.016597 0.000159 -0.005240
14.651835 0.016608 0.000157 -0.005241
14.668454 0.016619 0.000155 -0.005243
14.685084 0.016630 0.000154 -0.005245
14.701726 0.016642 0.000152 -0.005247
14.718379 0.016653 0.000150 -0.005248
14.735044 0.016665 0.000149 -0.005250
14.751720 0.016676 0.000151 -0.005247
14.768408 0.016688 0.000166 -0.005232
14.785107 0.016699 0.000193 -0.005206
14.801818 0.016711 0.000237 -0.005161
14.818541 0.016723 0.000325 -0.005074
14.835276 0.016735 0.000464 -0.004934
14.852022 0.016747 0.000664 -0.004735
14.868781 0.016758 0.000957 -0.004441
14.885551 0.016770 0.001358 -0.004041
14.902333 0.016782 0.001871 -0.003528
14.919127 0.016794 0.002487 -0.002912
14.935934 0.016806 0.003191 -0.002207
14.952752 0.016818 0.003978 -0.001421
14.969582 0.016830 0.004826 -0.000572
14.986424 0.016842 0.005717 0.000319
15.003279 0.016855 0.006635 0.001237
15.020146 0.016867 0.007532 0.002134
15.037024 0.016879 0.008394 0.002995
15.053915 0.016891 0.009214 0.003816
15.070819 0.016903 0.009989 0.004590
15.087734 0.016916 0.010705 0.005307
15.104662 0.016928 0.011363 0.005965
15.121603 0.016940 0.011967 0.006569
15.138556 0.016953 0.012522 0.007124
15.155521 0.016965 0.013032 0.007633
15.172498 0.016978 0.013498 0.008099
15.189488 0.016990 0.013919 0.008520
15.206491 0.017003 0.014303 0.008905
15.223506 0.017015 0.014667 0.009268
15.240534 0.017028 0.015015 0.009616
15.257574 0.017040 0.015359 0.009960
15.274627 0.017053 0.015699 0.010301
15.291693 0.017066 0.016037 0.010639
15.308771 0.017078 0.016377 0.010979
15.325863 0.017091 0.016718 0.011319
15.342967 0.017104 0.017057 0.011659
15.360083 0.017117 0.017396 0.011997
15.377213 0.017130 0.017733 0.012334
15.394355 0.017142 0.018069 0.012670
15.411502 0.017146 0.018402 0.013004
15.428646 0.017145 0.018733 0.013335
15.445789 0.017143 0.019060 0.013662
15.462930 0.017141 0.019382 0.013983
15.480070 0.017140 0.019699 0.014300
15.497208 0.017138 0.020011 0.014613
15.514344 0.017136 0.020321 0.014923
15.531478 0.017134 0.020629 0.015230
15.548611 0.017133 0.020933 0.015534
15.565742 0.017131 0.021233 0.015835
15.582871 0.017129 0.021530 0.016131
15.599999 0.017128 0.021820 0.016422
15.617124 0.017126 0.022104 0.016706
15.634249 0.017124 0.022382 0.016983
15.651371 0.017122 0.022654 0.017256
15.668492 0.017121 0.022921 0.017523
15.685611 0.017119 0.023182 0.017784
15.702728 0.017117 0.023440 0.018041
15.719843 0.017116 0.023692 0.018294
15.736957 0.017114 0.023940 0.018542
15.754069 0.017112 0.024183 0.018784
15.771179 0.017110 0.024419 0.019021
15.788288 0.017109 0.024650 0.019251
15.805395 0.017107 0.024874 0.019476
15.822500 0.017105 0.025092 0.019694
15.839604 0.017104 0.025303 0.019905
15.856706 0.017102 0.025507 0.020109
15.873806 0.017100 0.025704 0.020306
15.890904 0.017098 0.025894 0.020496
15.908000 0.017096 0.026079 0.020680
15.925094 0.017094 0.026259 0.020860
15.942187 0.017092 0.026435 0.021037
15.959277 0.017090 0.026609 0.021211
15.976365 0.017088 0.026773 0.021375
15.993452 0.017086 0.026931 0.021532
16.010536 0.017084 0.027085 0.021686
16.027618 0.017082 0.027237 0.021838
16.044698 0.017080 0.027387 0.021988
16.061776 0.017078 0.027535 0.022136
16.078851 0.017076 0.027680 0.022282
16.095925 0.017074 0.027825 0.022426
16.112997 0.017072 0.027972 0.022573
16.130066 0.017070 0.028124 0.022726
16.147134 0.017068 0.028286 0.022887
16.164199 0.017066 0.028462 0.023063
16.181263 0.017064 0.028654 0.023256
16.198324 0.017062 0.028866 0.023468
16.215384 0.017060 0.029098 0.023699
16.232442 0.017058 0.029342 0.023944
16.249498 0.017056 0.029606 0.024207
16.266553 0.017054 0.029892 0.024493
16.283606 0.017053 0.030205 0.024806
16.300657 0.017051 0.030541 0.025143
16.317706 0.017050 0.030900 0.025502
16.334754 0.017048 0.031275 0.025876
16.351801 0.017046 0.031657 0.026259
16.368846 0.017045 0.032043 0.026644
16.385889 0.017043 0.032421 0.027023
16.402931 0.017042 0.032788 0.027389
16.419972 0.017041 0.033130 0.027731
16.437011 0.017039 0.033442 0.028044
16.454049 0.017038 0.033723 0.028325
16.471086 0.017037 0.033975 0.028577
16.488121 0.017035 0.034199 0.028800
16.505155 0.017034 0.034401 0.029002
16.522187 0.017032 0.034582 0.029184
16.539217 0.017030 0.034750 0.029352
16.556245 0.017028 0.034919 0.029521
16.573271 0.017026 0.035099 0.029700
16.590295 0.017024 0.035302 0.029903
16.607317 0.017022 0.035511 0.030113
16.624336 0.017020 0.035728 0.030329
16.641354 0.017018 0.035945 0.030546
16.658369 0.017015 0.036169 0.030771
16.675383 0.017013 0.036407 0.031009
16.692394 0.017012 0.036660 0.031261
16.709404 0.017010 0.036969 0.031570
16.726412 0.017008 0.037359 0.031960
16.743418 0.017006 0.037809 0.032410
16.760422 0.017004 0.038311 0.032913
16.777424 0.017002 0.038861 0.033462
16.794425 0.017001 0.039488 0.034090
16.811424 0.016999 0.040196 0.034797
16.828422 0.016998 0.040959 0.035560
16.845418 0.016996 0.041735 0.036336
16.862413 0.016995 0.042516 0.037117
16.879407 0.016994 0.043260 0.037861
16.896399 0.016992 0.043969 0.038571
16.913390 0.016991 0.044635 0.039236
16.930381 0.016990 0.045261 0.039862
16.947370 0.016989 0.045831 0.040432
16.964358 0.016988 0.046326 0.040927
16.981345 0.016987 0.046739 0.041341
16.998332 0.016986 0.047094 0.041696
17.015317 0.016986 0.047394 0.041996
17.032301 0.016984 0.047651 0.042252
17.049283 0.016982 0.047876 0.042477
17.066263 0.016980 0.048061 0.042662
17.083241 0.016978 0.048214 0.042815
17.100218 0.016976 0.048345 0.042946
17.117192 0.016975 0.048457 0.043059
17.134165 0.016973 0.048554 0.043155
17.151137 0.016971 0.048635 0.043237
17.168107 0.016970 0.048700 0.043301
17.185075 0.016969 0.048748 0.043350
17.202043 0.016967 0.048786 0.043388
17.219009 0.016966 0.048815 0.043416
17.235974 0.016965 0.048836 0.043438
17.252938 0.016964 0.048843 0.043445
17.269901 0.016963 0.048830 0.043432
17.286864 0.016962 0.048795 0.043397
17.303826 0.016962 0.048744 0.043345
17.320787 0.016961 0.048678 0.043279
17.337748 0.016961 0.048596 0.043198
17.354708 0.016961 0.048503 0.043105
17.371669 0.016960 0.048397 0.042998
17.388629 0.016960 0.048278 0.042880
17.405589 0.016960 0.048147 0.042748
17.422549 0.016960 0.047998 0.042600
17.439510 0.016960 0.047831 0.042433
17.456471 0.016961 0.047649 0.042250
17.473432 0.016961 0.047454 0.042056
17.490393 0.016962 0.047248 0.041849
17.507356 0.016962 0.047030 0.041631
17.524319 0.016963 0.046802 0.041404
17.541283 0.016964 0.046568 0.041169
17.558248 0.016965 0.046330 0.040932
17.575213 0.016966 0.046092 0.040693
17.592180 0.016967 0.045853 0.040455
17.609148 0.016968 0.045615 0.040216
17.626117 0.016969 0.045375 0.039976
17.643088 0.016970 0.045134 0.039735
17.660059 0.016972 0.044892 0.039494
17.677032 0.016973 0.044653 0.039254
17.694007 0.016974 0.044415 0.039016
17.710983 0.016976 0.044177 0.038778
17.727960 0.016977 0.043940 0.038541
17.744939 0.016979 0.043704 0.038306
17.761919 0.016980 0.043471 0.038073
17.778901 0.016982 0.043241 0.037843
17.795884 0.016983 0.043013 0.037615
17.812869 0.016985 0.042789 0.037390
17.829855 0.016986 0.042568 0.037169
17.846842 0.016988 0.042351 0.036952
17.863831 0.016989 0.042138 0.036740
17.880822 0.016990 0.041930 0.036532
17.897814 0.016992 0.041727 0.036328
17.914807 0.016993 0.041528 0.036130
17.931802 0.016995 0.041335 0.035936
17.948799 0.016997 0.041145 0.035747
17.965797 0.016998 0.040959 0.035561
17.982797 0.017000 0.040776 0.035378
17.999799 0.017002 0.040594 0.035196
18.016802 0.017003 0.040413 0.035014
18.033807 0.017005 0.040230 0.034832
18.050814 0.017007 0.040046 0.034647
18.067821 0.017007 0.039858 0.034459
18.084828 0.017008 0.039665 0.034266
18.101836 0.017008 0.039467 0.034069
18.118845 0.017009 0.039266 0.033867
18.135854 0.017009 0.039061 0.033662
18.152864 0.017010 0.038853 0.033455
18.169875 0.017011 0.038644 0.033245
18.186887 0.017012 0.038435 0.033036
18.203899 0.017013 0.038226 0.032827
18.220913 0.017014 0.038017 0.032619
18.237928 0.017015 0.037809 0.032410
18.254944 0.017016 0.037600 0.032201
18.271961 0.017017 0.037390 0.031992
18.288979 0.017018 0.037182 0.031783
18.305999 0.017020 0.036974 0.031575
18.323021 0.017021 0.036767 0.031369
18.340044 0.017023 0.036563 0.031164
18.357068 0.017025 0.036361 0.030963
18.374095 0.017026 0.036162 0.030764
18.391123 0.017028 0.035967 0.030568
18.408153 0.017030 0.035774 0.030376
18.425186 0.017032 0.035586 0.030187
18.442220 0.017034 0.035400 0.030002
18.459256 0.017036 0.035219 0.029820
18.476295 0.017039 0.035041 0.029643
18.493336 0.017041 0.034867 0.029468
18.510379 0.017043 0.034696 0.029297
18.527424 0.017045 0.034528 0.029130
18.544472 0.017048 0.034363 0.028964
18.561523 0.017050 0.034200 0.028802
18.578575 0.017053 0.034040 0.028641
18.595631 0.017055 0.033881 0.028483
18.612689 0.017058 0.033725 0.028326
18.629749 0.017060 0.033570 0.028172
18.646812 0.017063 0.033417 0.028019
18.663878 0.017066 0.033266 0.027867
18.680947 0.017068 0.033117 0.027718
18.698018 0.017071 0.032968 0.027570
18.715092 0.017074 0.032821 0.027423
18.732168 0.017077 0.032675 0.027277
18.749248 0.017080 0.032530 0.027131
18.766331 0.017082 0.032385 0.026987
18.783416 0.017085 0.032241 0.026843
18.800504 0.017088 0.032099 0.026700
18.817596 0.017091 0.031957 0.026558
18.834690 0.017094 0.031816 0.026417
18.851788 0.017097 0.031676 0.026278
18.868888 0.017100 0.031538 0.026140
18.885992 0.017103 0.031401 0.026002
18.903098 0.017106 0.031264 0.025866
18.920208 0.017110 0.031129 0.025730
18.937320 0.017113 0.030994 0.025596
18.954436 0.017116 0.030860 0.025461
18.971555 0.017119 0.030726 0.025327
18.988677 0.017122 0.030592 0.025193
19.005803 0.017125 0.030458 0.025059
19.022931 0.017129 0.030324 0.024925
19.040063 0.017132 0.030190 0.024792
19.057198 0.017135 0.030056 0.024658
19.074337 0.017138 0.029922 0.024523
19.091478 0.017142 0.029788 0.024389
19.108623 0.017145 0.029653 0.024254
19.125771 0.017148 0.029517 0.024118
19.142923 0.017152 0.029381 0.023982
19.160078 0.017155 0.029243 0.023845
19.177236 0.017158 0.029105 0.023706
19.194397 0.017161 0.028965 0.023566
19.211562 0.017165 0.028824 0.023425
19.228730 0.017168 0.028681 0.023283
19.245902 0.017172 0.028537 0.023139
19.263077 0.017175 0.028391 0.022993
19.280255 0.017178 0.028243 0.022844
19.297435 0.017181 0.028093 0.022694
19.314619 0.017183 0.027941 0.022542
19.331805 0.017186 0.027787 0.022388
19.348994 0.017189 0.027631 0.022233
19.366186 0.017192 0.027474 0.022076
19.383380 0.017195 0.027316 0.021917
19.400578 0.017198 0.027156 0.021757
19.417779 0.017201 0.026995 0.021596
19.434982 0.017204 0.026832 0.021434
19.452189 0.017207 0.026669 0.021270
19.469399 0.017210 0.026503 0.021105
19.486611 0.017213 0.026337 0.020939
19.503827 0.017216 0.026171 0.020772
19.521047 0.017219 0.026007 0.020608
19.538269 0.017222 0.025847 0.020449
19.555495 0.017226 0.025695 0.020296
19.572724 0.017229 0.025553 0.020154
19.589956 0.017232 0.025419 0.020020
19.607192 0.017236 0.025293 0.019895
19.624432 0.017239 0.025175 0.019777
19.641675 0.017243 0.025064 0.019666
19.658921 0.017247 0.024962 0.019563
19.676171 0.017250 0.024869 0.019470
19.693425 0.017254 0.024786 0.019388
19.710683 0.017258 0.024713 0.019315
19.727944 0.017262 0.024650 0.019251
19.745210 0.017266 0.024594 0.019195
19.762479 0.017269 0.024545 0.019146
19.779752 0.017273 0.024501 0.019103
19.797029 0.017277 0.024464 0.019065
19.814310 0.017281 0.024434 0.019035
19.831594 0.017285 0.024407 0.019008
19.848883 0.017289 0.024382 0.018983
19.866175 0.017293 0.024357 0.018959
19.883472 0.017297 0.024332 0.018934
19.900773 0.017301 0.024305 0.018907
19.918078 0.017305 0.024276 0.018877
19.935387 0.017309 0.024243 0.018844
19.952700 0.017313 0.024205 0.018806
19.970018 0.017317 0.024163 0.018764
19.987339 0.017322 0.024117 0.018718
20.004665 0.017326 0.024067 0.018669
20.021995 0.017330 0.024014 0.018615
20.039330 0.017334 0.023957 0.018558
20.056653 0.017323 0.023896 0.018498
20.073959 0.017306 0.023832 0.018434
20.091260 0.017301 0.023766 0.018368
20.108549 0.017290 0.023698 0.018299
20.125816 0.017267 0.023626 0.018227
20.143061 0.017245 0.023549 0.018151
20.160291 0.017230 0.023468 0.018070
20.177509 0.017218 0.023383 0.017984
20.194712 0.017203 0.023293 0.017894
20.211888 0.017176 0.023199 0.017800
20.229038 0.017151 0.023100 0.017702
20.246172 0.017134 0.022998 0.017600
20.263297 0.017125 0.022893 0.017495
20.280393 0.017095 0.022785 0.017387
20.297456 0.017064 0.022675 0.017277
20.314499 0.017042 0.022563 0.017164
20.331528 0.017029 0.022449 0.017050
20.348534 0.017006 0.022333 0.016935
20.365506 0.016972 0.022217 0.016819
20.382453 0.016947 0.022101 0.016702
20.399384 0.016931 0.021984 0.016586
20.416295 0.016911 0.021868 0.016469
20.433173 0.016878 0.021753 0.016354
20.450025 0.016852 0.021638 0.016239
20.466861 0.016836 0.021524 0.016125
20.483683 0.016822 0.021411 0.016012
20.500479 0.016796 0.021299 0.015900
20.517256 0.016777 0.021188 0.015789
20.534017 0.016762 0.021078 0.015679
20.550769 0.016752 0.020971 0.015572
20.567497 0.016728 0.020865 0.015467
20.584206 0.016708 0.020762 0.015364
20.600900 0.016694 0.020661 0.015262
20.617589 0.016689 0.020561 0.015163
20.634258 0.016669 0.020463 0.015064
20.650906 0.016649 0.020365 0.014967
20.667542 0.016635 0.020270 0.014871
20.684178 0.016636 0.020176 0.014778
20.700796 0.016618 0.020085 0.014686
20.717394 0.016598 0.019995 0.014596
20.733980 0.016586 0.019907 0.014509
20.750569 0.016589 0.019821 0.014423
20.767142 0.016573 0.019737 0.014339
20.783697 0.016554 0.019656 0.014257
20.800241 0.016545 0.019576 0.014177
20.816787 0.016546 0.019498 0.014099
20.833319 0.016532 0.019422 0.014023
20.849834 0.016514 0.019347 0.013949
20.866339 0.016506 0.019275 0.013876
20.882846 0.016507 0.019205 0.013806
20.899339 0.016493 0.019136 0.013738
20.915815 0.016476 0.019070 0.013671
20.932283 0.016468 0.019005 0.013607
20.948749 0.016466 0.018942 0.013544
20.965203 0.016455 0.018881 0.013483
20.981645 0.016441 0.018822 0.013424
20.998079 0.016434 0.018765 0.013366
21.014506 0.016428 0.018709 0.013311
21.030912 0.016405 0.018656 0.013257
21.047297 0.016386 0.018604 0.013206
21.063682 0.016385 0.018555 0.013156
21.080088 0.016406 0.018507 0.013108
21.096485 0.016397 0.018461 0.013063
21.112869 0.016384 0.018419 0.013021
21.129246 0.016377 0.018380 0.012981
21.145615 0.016369 0.018343 0.012945
21.161989 0.016373 0.018309 0.012910
21.178336 0.016347 0.018276 0.012878
21.194663 0.016327 0.018246 0.012848
21.210964 0.016300 0.018217 0.012819
21.227240 0.016277 0.018190 0.012791
21.243515 0.016274 0.018163 0.012764
21.259774 0.016260 0.018136 0.012737
21.276030 0.016256 0.018108 0.012710
21.292293 0.016263 0.018080 0.012682
21.308536 0.016243 0.018051 0.012652
21.324769 0.016233 0.018019 0.012621
21.340989 0.016219 0.017986 0.012587
21.357177 0.016188 0.017952 0.012553
21.373357 0.016180 0.017917 0.012518
21.389543 0.016186 0.017881 0.012483
21.405722 0.016180 0.017846 0.012447
21.421865 0.016143 0.017811 0.012412
21.437991 0.016126 0.017775 0.012377
21.454126 0.016135 0.017741 0.012342
21.470249 0.016123 0.017707 0.012308
21.486336 0.016086 0.017674 0.012275
21.502410 0.016074 0.017641 0.012242
21.518488 0.016079 0.017609 0.012210
21.534558 0.016070 0.017577 0.012179
21.550587 0.016029 0.017547 0.012148
21.566604 0.016017 0.017518 0.012119
21.582626 0.016022 0.017490 0.012091
21.598636 0.016009 0.017464 0.012065
21.614606 0.015970 0.017441 0.012042
21.630561 0.015956 0.017421 0.012022
21.646515 0.015953 0.017404 0.012005
21.662445 0.015931 0.017390 0.011991
21.678333 0.015888 0.017379 0.011981
21.694212 0.015878 0.017372 0.011974
21.710086 0.015875 0.017368 0.011969
21.725936 0.015850 0.017367 0.011968
21.741745 0.015809 0.017367 0.011969
21.757551 0.015806 0.017371 0.011972
21.773352 0.015802 0.017376 0.011978
21.789127 0.015775 0.017384 0.011985
21.804865 0.015738 0.017392 0.011993
21.820604 0.015738 0.017400 0.012001
21.836339 0.015735 0.017408 0.012010
21.852045 0.015706 0.017416 0.012017
21.867727 0.015682 0.017422 0.012024
21.883407 0.015680 0.017428 0.012029
21.899085 0.015678 0.017432 0.012033
21.914732 0.015648 0.017434 0.012035
21.930367 0.015635 0.017434 0.012035
21.946003 0.015636 0.017431 0.012032
21.961639 0.015636 0.017425 0.012026
21.977254 0.015615 0.017416 0.012017
21.992859 0.015605 0.017402 0.012003
22.008467 0.015608 0.017384 0.011985
22.024078 0.015611 0.017361 0.011963
22.039677 0.015598 0.017335 0.011936
22.055272 0.015595 0.017304 0.011905
22.070868 0.015596 0.017269 0.011871
22.086477 0.015609 0.017231 0.011832
22.102071 0.015594 0.017188 0.011790
22.117671 0.015599 0.017142 0.011743
22.133272 0.015601 0.017092 0.011694
22.148883 0.015611 0.017039 0.011641
22.164485 0.015602 0.016984 0.011585
22.180094 0.015609 0.016926 0.011528
22.195712 0.015618 0.016866 0.011468
22.211331 0.015619 0.016803 0.011405
22.226942 0.015611 0.016739 0.011340
22.242565 0.015623 0.016672 0.011273
22.258197 0.015632 0.016602 0.011204
22.273816 0.015619 0.016530 0.011132
22.289431 0.015616 0.016457 0.011058
22.305029 0.015597 0.016381 0.010982
22.320602 0.015573 0.016303 0.010905
22.336120 0.015518 0.016224 0.010826
22.351607 0.015487 0.016143 0.010744
22.367080 0.015473 0.016060 0.010661
22.382541 0.015461 0.015975 0.010576
22.397959 0.015419 0.015888 0.010490
22.413359 0.015400 0.015800 0.010401
22.428749 0.015389 0.015709 0.010311
22.444134 0.015385 0.015618 0.010219
22.459491 0.015357 0.015524 0.010126
22.474847 0.015356 0.015429 0.010030
22.490217 0.015370 0.015332 0.009934
22.505572 0.015355 0.015234 0.009835
22.520886 0.015314 0.015134 0.009736
22.536120 0.015233 0.015034 0.009635
22.551282 0.015163 0.014932 0.009534
22.566387 0.015104 0.014830 0.009432
22.581436 0.015049 0.014727 0.009329
22.596414 0.014978 0.014624 0.009225
22.611347 0.014932 0.014520 0.009122
22.626253 0.014907 0.014416 0.009017
22.641148 0.014895 0.014311 0.008913
22.656052 0.014905 0.014206 0.008808
22.670982 0.014930 0.014101 0.008703
22.685947 0.014965 0.013996 0.008597
22.700960 0.015012 0.013890 0.008491
22.716016 0.015056 0.013784 0.008386
22.731115 0.015100 0.013678 0.008279
22.746246 0.015131 0.013571 0.008173
22.761411 0.015164 0.013465 0.008066
22.776609 0.015199 0.013358 0.007959
22.791845 0.015236 0.013251 0.007853
22.807117 0.015271 0.013144 0.007746
22.822429 0.015313 0.013037 0.007639
22.837780 0.015351 0.012930 0.007532
22.853172 0.015392 0.012824 0.007425
22.868604 0.015432 0.012717 0.007318
22.884077 0.015473 0.012610 0.007212
22.899590 0.015512 0.012503 0.007105
22.915134 0.015544 0.012398 0.006999
22.930705 0.015572 0.012293 0.006894
22.946306 0.015600 0.012189 0.006790
22.961930 0.015624 0.012085 0.006686
22.977575 0.015645 0.011982 0.006583
22.993244 0.015669 0.011879 0.006481
23.008934 0.015690 0.011777 0.006378
23.024645 0.015711 0.011674 0.006276
23.040377 0.015732 0.011572 0.006174
23.056127 0.015751 0.011471 0.006072
23.071897 0.015769 0.011370 0.005971
23.087683 0.015786 0.011269 0.005870
23.103488 0.015805 0.011168 0.005770
23.119305 0.015817 0.011067 0.005669
23.135134 0.015829 0.010967 0.005568
23.150975 0.015841 0.010866 0.005467
23.166826 0.015851 0.010766 0.005367
23.182689 0.015863 0.010666 0.005267
23.198564 0.015875 0.010566 0.005167
23.214452 0.015888 0.010466 0.005068
23.230352 0.015901 0.010367 0.004968
23.246266 0.015914 0.010268 0.004869
23.262196 0.015930 0.010169 0.004771
23.278139 0.015944 0.010071 0.004673
23.294098 0.015959 0.009974 0.004575
23.310075 0.015977 0.009876 0.004478
23.326067 0.015992 0.009780 0.004381
23.342076 0.016009 0.009683 0.004285
23.358101 0.016025 0.009588 0.004189
23.374141 0.016040 0.009493 0.004095
23.390196 0.016056 0.009399 0.004000
23.406266 0.016070 0.009305 0.003907
23.422350 0.016084 0.009213 0.003814
23.438449 0.016099 0.009120 0.003722
23.454561 0.016112 0.009029 0.003631
23.470687 0.016126 0.008939 0.003540
23.486827 0.016140 0.008849 0.003450
23.502981 0.016153 0.008760 0.003361
23.519147 0.016167 0.008672 0.003273
23.535326 0.016179 0.008585 0.003186
23.551518 0.016192 0.008500 0.003101
23.567722 0.016204 0.008416 0.003017
23.583938 0.016216 0.008334 0.002935
23.600166 0.016228 0.008252 0.002854
23.616405 0.016240 0.008172 0.002773
23.632657 0.016252 0.008092 0.002694
23.648922 0.016264 0.008013 0.002615
23.665198 0.016276 0.007935 0.002537
23.681486 0.016288 0.007858 0.002459
23.697787 0.016301 0.007780 0.002382
23.714100 0.016313 0.007704 0.002305
23.730424 0.016325 0.007627 0.002229
23.746761 0.016337 0.007551 0.002153
23.763111 0.016349 0.007476 0.002077
23.779471 0.016361 0.007401 0.002002
23.795844 0.016373 0.007326 0.001928
23.812229 0.016384 0.007252 0.001853
23.828624 0.016396 0.007178 0.001779
23.845031 0.016407 0.007104 0.001706
23.861448 0.016418 0.007031 0.001633
23.877877 0.016429 0.006958 0.001560
23.894317 0.016440 0.006886 0.001487
23.910770 0.016453 0.006814 0.001415
23.927235 0.016465 0.006742 0.001343
23.943711 0.016476 0.006670 0.001272
23.960200 0.016489 0.006599 0.001200
23.976697 0.016497 0.006527 0.001129
23.993199 0.016503 0.006456 0.001058
24.009708 0.016508 0.006386 0.000987
24.026222 0.016514 0.006315 0.000917
24.042743 0.016521 0.006245 0.000846
24.059270 0.016527 0.006175 0.000776
24.075803 0.016533 0.006105 0.000706
24.092343 0.016540 0.006035 0.000636
24.108889 0.016546 0.005965 0.000566
24.125440 0.016552 0.005895 0.000497
24.141980 0.016540 0.005826 0.000428
24.158509 0.016529 0.005757 0.000359
24.175029 0.016520 0.005688 0.000290
24.191541 0.016512 0.005620 0.000222
24.208047 0.016505 0.005552 0.000154
24.224546 0.016500 0.005486 0.000087
24.241041 0.016495 0.005419 0.000021
24.257533 0.016492 0.005353 -0.000045
24.274022 0.016489 0.005288 -0.000110
24.290509 0.016487 0.005223 -0.000176
24.306993 0.016484 0.005158 -0.000240
24.323475 0.016482 0.005094 -0.000305
24.339956 0.016481 0.005029 -0.000369
24.356435 0.016479 0.004965 -0.000433
24.372914 0.016478 0.004901 -0.000497
24.389391 0.016478 0.004838 -0.000561
24.405869 0.016478 0.004774 -0.000624
24.422348 0.016479 0.004711 -0.000688
24.438828 0.016480 0.004648 -0.000751
24.455310 0.016482 0.004585 -0.000814
24.471795 0.016485 0.004522 -0.000877
24.488282 0.016487 0.004459 -0.000940
24.504773 0.016491 0.004396 -0.001002
24.521267 0.016494 0.004334 -0.001064
24.537766 0.016499 0.004272 -0.001127
24.554269 0.016503 0.004210 -0.001189
24.570777 0.016508 0.004148 -0.001251
24.587291 0.016514 0.004086 -0.001313
24.603811 0.016520 0.004024 -0.001374
24.620337 0.016526 0.003962 -0.001436
24.636870 0.016533 0.003901 -0.001498
24.653410 0.016540 0.003839 -0.001559
24.669958 0.016548 0.003778 -0.001621
24.686514 0.016556 0.003717 -0.001682
24.703077 0.016564 0.003656 -0.001742
24.719649 0.016572 0.003596 -0.001803
24.736229 0.016580 0.003536 -0.001863
24.752817 0.016588 0.003476 -0.001922
24.769414 0.016596 0.003417 -0.001982
24.786018 0.016604 0.003357 -0.002041
24.802630 0.016612 0.003298 -0.002100
24.819250 0.016620 0.003239 -0.002159
24.835877 0.016627 0.003181 -0.002218
24.852512 0.016634 0.003123 -0.002276
24.869154 0.016642 0.003066 -0.002333
24.885803 0.016649 0.003009 -0.002389
24.902460 0.016657 0.002953 -0.002445
24.919124 0.016664 0.002898 -0.002500
24.935796 0.016672 0.002844 -0.002555
24.952476 0.016680 0.002791 -0.002608
24.969164 0.016688 0.002738 -0.002660
24.985860 0.016696 0.002687 -0.002712
25.002565 0.016705 0.002637 -0.002762
25.019278 0.016713 0.002587 -0.002811
25.036000 0.016722 0.002539 -0.002860
25.052731 0.016731 0.002491 -0.002907
25.069471 0.016740 0.002445 -0.002954
25.086221 0.016749 0.002399 -0.002999
25.102979 0.016759 0.002354 -0.003044
25.119747 0.016768 0.002311 -0.003088
25.136525 0.016778 0.002268 -0.003131
25.153313 0.016788 0.002226 -0.003173
25.170110 0.016798 0.002185 -0.003214
25.186918 0.016808 0.002145 -0.003254
25.203736 0.016818 0.002106 -0.003293
25.220563 0.016828 0.002068 -0.003331
25.237401 0.016838 0.002031 -0.003367
25.254249 0.016848 0.001996 -0.003403
25.271108 0.016858 0.001961 -0.003438
25.287976 0.016868 0.001927 -0.003472
25.304854 0.016878 0.001893 -0.003505
25.321742 0.016888 0.001860 -0.003538
25.338639 0.016898 0.001828 -0.003571
25.355547 0.016907 0.001796 -0.003603
25.372464 0.016917 0.001764 -0.003634
25.389390 0.016926 0.001733 -0.003665
25.406324 0.016935 0.001703 -0.003696
25.423267 0.016943 0.001673 -0.003725
25.440217 0.016951 0.001644 -0.003754
25.457176 0.016959 0.001616 -0.003783
25.474142 0.016966 0.001588 -0.003811
25.491115 0.016973 0.001560 -0.003838
25.508095 0.016980 0.001533 -0.003865
25.525082 0.016987 0.001507 -0.003891
25.542075 0.016994 0.001481 -0.003917
25.559076 0.017001 0.001459 -0.003940
25.576083 0.017007 0.001437 -0.003962
25.593096 0.017013 0.001415 -0.003984
25.610116 0.017019 0.001393 -0.004006
25.627141 0.017025 0.001371 -0.004028
25.644172 0.017031 0.001349 -0.004049
25.661209 0.017037 0.001328 -0.004071
25.678251 0.017042 0.001306 -0.004092
25.695299 0.017047 0.001285 -0.004113
25.712352 0.017053 0.001268 -0.004130
25.729410 0.017058 0.001251 -0.004148
25.746472 0.017063 0.001234 -0.004165
25.763540 0.017068 0.001216 -0.004182
25.780612 0.017072 0.001199 -0.004199
25.797690 0.017078 0.001182 -0.004216
25.814773 0.017083 0.001166 -0.004233
25.831863 0.017090 0.001149 -0.004249
25.848959 0.017096 0.001133 -0.004265
25.866060 0.017102 0.001117 -0.004281
25.883168 0.017108 0.001102 -0.004297
25.900283 0.017114 0.001087 -0.004312
25.917404 0.017121 0.001072 -0.004327
25.934531 0.017128 0.001057 -0.004341
25.951665 0.017134 0.001043 -0.004355
25.968805 0.017140 0.001030 -0.004369
25.985952 0.017147 0.001016 -0.004382
26.003105 0.017153 0.001003 -0.004396
26.020264 0.017159 0.000990 -0.004409
26.037430 0.017165 0.000977 -0.004422
26.054601 0.017171 0.000964 -0.004434
26.071778 0.017177 0.000952 -0.004447
26.088961 0.017183 0.000940 -0.004459
26.106150 0.017189 0.000928 -0.004471
26.123344 0.017195 0.000916 -0.004482
26.140545 0.017201 0.000905 -0.004494
26.157753 0.017207 0.000893 -0.004505
26.174967 0.017214 0.000882 -0.004517
26.192187 0.017220 0.000871 -0.004528
26.209414 0.017227 0.000860 -0.004539
26.226647 0.017233 0.000849 -0.004550
26.243887 0.017240 0.000838 -0.004560
26.261133 0.017246 0.000827 -0.004571
26.278385 0.017252 0.000817 -0.004582
26.295643 0.017258 0.000807 -0.004592
26.312907 0.017264 0.000796 -0.004602
26.330177 0.017270 0.000786 -0.004612
26.347451 0.017275 0.000776 -0.004622
26.364731 0.017279 0.000766 -0.004632
26.382014 0.017284 0.000756 -0.004642
26.399302 0.017287 0.000747 -0.004652
26.416593 0.017291 0.000737 -0.004661
26.433888 0.017295 0.000728 -0.004671
26.451187 0.017299 0.000718 -0.004680
26.468489 0.017302 0.000709 -0.004689
26.485795 0.017306 0.000700 -0.004698
26.503105 0.017310 0.000691 -0.004707
26.520408 0.017303 0.000683 -0.004716
26.537693 0.017285 0.000674 -0.004725
26.554953 0.017260 0.000665 -0.004733
26.572188 0.017235 0.000657 -0.004741
26.589398 0.017210 0.000649 -0.004750
26.606584 0.017186 0.000641 -0.004758
26.623747 0.017163 0.000633 -0.004766
26.640889 0.017141 0.000625 -0.004773
26.658010 0.017121 0.000618 -0.004781
26.675113 0.017103 0.000610 -0.004789
26.692198 0.017086 0.000603 -0.004796
26.709267 0.017068 0.000595 -0.004803
26.726318 0.017051 0.000588 -0.004810
26.743351 0.017033 0.000581 -0.004817
26.760365 0.017014 0.000574 -0.004824
26.777360 0.016995 0.000568 -0.004831
26.794336 0.016976 0.000561 -0.004838
26.811292 0.016956 0.000554 -0.004844
26.828230 0.016938 0.000548 -0.004851
26.845151 0.016921 0.000541 -0.004857
26.862056 0.016905 0.000535 -0.004863
26.878946 0.016890 0.000529 -0.004870
26.895822 0.016877 0.000523 -0.004876
26.912687 0.016865 0.000517 -0.004882
26.929545 0.016858 0.000511 -0.004887
26.946398 0.016852 0.000505 -0.004893
26.963239 0.016841 0.000500 -0.004899
26.980065 0.016827 0.000494 -0.004904
26.996878 0.016813 0.000489 -0.004910
27.013677 0.016799 0.000484 -0.004915
27.030462 0.016785 0.000478 -0.004920
27.047234 0.016772 0.000473 -0.004925
27.063992 0.016758 0.000468 -0.004930
27.080737 0.016745 0.000463 -0.004936
27.097469 0.016732 0.000458 -0.004941
27.114188 0.016719 0.000453 -0.004946
27.130895 0.016707 0.000448 -0.004951
27.147589 0.016695 0.000443 -0.004955
27.164273 0.016683 0.000438 -0.004960
27.180946 0.016673 0.000433 -0.004965
27.197603 0.016658 0.000429 -0.004970
27.214246 0.016643 0.000424 -0.004974
27.230874 0.016628 0.000419 -0.004979
27.247489 0.016615 0.000415 -0.004984
27.264090 0.016602 0.000410 -0.004988
27.280680 0.016590 0.000406 -0.004992
27.297259 0.016578 0.000402 -0.004997
27.313826 0.016568 0.000397 -0.005001
27.330384 0.016558 0.000393 -0.005005
27.346933 0.016549 0.000389 -0.005010
27.363475 0.016542 0.000385 -0.005014
27.380012 0.016537 0.000381 -0.005018
27.396544 0.016532 0.000377 -0.005022
27.413073 0.016529 0.000373 -0.005026
27.429598 0.016526 0.000369 -0.005030
27.446122 0.016524 0.000365 -0.005033
27.462645 0.016523 0.000361 -0.005037
27.479168 0.016522 0.000358 -0.005041
27.495690 0.016523 0.000354 -0.005045
27.512214 0.016524 0.000350 -0.005048
27.528740 0.016526 0.000347 -0.005052
27.545268 0.016528 0.000343 -0.005055
27.561799 0.016531 0.000340 -0.005059
27.578334 0.016534 0.000337 -0.005062
27.594872 0.016538 0.000333 -0.005065
27.611414 0.016543 0.000330 -0.005069
27.627962 0.016548 0.000327 -0.005072
27.644516 0.016554 0.000323 -0.005075
27.661076 0.016561 0.000320 -0.005078
27.677644 0.016568 0.000317 -0.005081
27.694221 0.016576 0.000314 -0.005084
27.710806 0.016585 0.000311 -0.005087
27.727394 0.016588 0.000308 -0.005090
27.743985 0.016591 0.000305 -0.005093
27.760580 0.016595 0.000302 -0.005096
27.777179 0.016600 0.000300 -0.005099
27.793784 0.016604 0.000297 -0.005102
27.810393 0.016609 0.000294 -0.005104
27.827007 0.016614 0.000291 -0.005107
27.843628 0.016621 0.000289 -0.005110
27.860256 0.016628 0.000286 -0.005113
27.876890 0.016634 0.000283 -0.005115
27.893529 0.016638 0.000281 -0.005118
27.910170 0.016641 0.000278 -0.005120
27.926814 0.016644 0.000276 -0.005123
27.943458 0.016644 0.000273 -0.005125
27.960102 0.016644 0.000271 -0.005128
27.976747 0.016645 0.000268 -0.005130
27.993394 0.016647 0.000266 -0.005133
28.010050 0.016656 0.000264 -0.005135
28.026723 0.016672 0.000261 -0.005137
28.043383 0.016660 0.000259 -0.005140
28.060027 0.016644 0.000257 -0.005142
28.076662 0.016635 0.000254 -0.005144
28.093303 0.016642 0.000252 -0.005146
28.109954 0.016651 0.000250 -0.005149
28.126607 0.016653 0.000248 -0.005151
28.143257 0.016650 0.000246 -0.005153
28.159903 0.016646 0.000243 -0.005155
28.176542 0.016639 0.000241 -0.005157
28.193174 0.016632 0.000239 -0.005159
28.209795 0.016621 0.000237 -0.005161
28.226409 0.016614 0.000235 -0.005163
28.243018 0.016609 0.000233 -0.005165
28.259620 0.016602 0.000231 -0.005167
28.276214 0.016594 0.000229 -0.005169
28.292801 0.016587 0.000227 -0.005171
28.309382 0.016581 0.000225 -0.005173
28.325960 0.016577 0.000224 -0.005175
28.342535 0.016576 0.000222 -0.005177
28.359111 0.016576 0.000220 -0.005179
28.375687 0.016576 0.000218 -0.005180
28.392263 0.016576 0.000216 -0.005182
28.408838 0.016576 0.000214 -0.005184
28.425413 0.016575 0.000213 -0.005186
28.441987 0.016574 0.000211 -0.005188
28.458561 0.016573 0.000209 -0.005189
28.475135 0.016575 0.000208 -0.005191
28.491713 0.016578 0.000206 -0.005193
28.508295 0.016582 0.000204 -0.005194
28.524882 0.016587 0.000203 -0.005196
28.541474 0.016592 0.000201 -0.005198
28.558075 0.016601 0.000199 -0.005199
28.574683 0.016609 0.000198 -0.005201
28.591300 0.016616 0.000196 -0.005202
28.607922 0.016623 0.000195 -0.005204
28.624549 0.016626 0.000193 -0.005205
28.641179 0.016630 0.000192 -0.005207
28.657813 0.016634 0.000190 -0.005208
28.674451 0.016638 0.000189 -0.005210
28.691093 0.016642 0.000187 -0.005211
28.707738 0.016645 0.000186 -0.005213
28.724386 0.016648 0.000184 -0.005214
28.741036 0.016650 0.000183 -0.005216
28.757689 0.016652 0.000182 -0.005217
28.774344 0.016655 0.000180 -0.005218
28.791002 0.016658 0.000179 -0.005220
28.807664 0.016662 0.000177 -0.005221
28.824330 0.016666 0.000176 -0.005222
28.841000 0.016670 0.000175 -0.005224
28.857676 0.016675 0.000173 -0.005225
28.874354 0.016678 0.000172 -0.005226
28.891030 0.016676 0.000171 -0.005228
28.907705 0.016675 0.000170 -0.005229
28.924378 0.016673 0.000168 -0.005230
28.941050 0.016672 0.000167 -0.005231
28.957721 0.016671 0.000166 -0.005233
28.974391 0.016670 0.000165 -0.005234
28.991060 0.016669 0.000163 -0.005235
29.007729 0.016669 0.000162 -0.005236
29.024397 0.016668 0.000161 -0.005237
29.041065 0.016668 0.000160 -0.005239
29.057732 0.016667 0.000159 -0.005240
29.074398 0.016667 0.000158 -0.005241
29.091064 0.016666 0.000157 -0.005242
29.107729 0.016665 0.000155 -0.005243
29.124393 0.016664 0.000154 -0.005244
29.141057 0.016663 0.000153 -0.005245
29.157719 0.016662 0.000152 -0.005246
29.174380 0.016661 0.000151 -0.005247
29.191039 0.016660 0.000150 -0.005249
29.207697 0.016658 0.000149 -0.005250
29.224354 0.016657 0.000148 -0.005251
29.241010 0.016656 0.000147 -0.005252
29.257664 0.016655 0.000146 -0.005253
29.274318 0.016654 0.000145 -0.005254
29.290972 0.016653 0.000144 -0.005255
29.307624 0.016653 0.000143 -0.005256
29.324277 0.016653 0.000142 -0.005257
29.340929 0.016652 0.000141 -0.005258
29.357582 0.016652 0.000140 -0.005259
29.374234 0.016652 0.000139 -0.005260
29.390886 0.016653 0.000138 -0.005260
29.407539 0.016653 0.000137 -0.005261
29.424193 0.016653 0.000136 -0.005262
29.440847 0.016654 0.000135 -0.005263
29.457501 0.016654 0.000134 -0.005264
29.474155 0.016654 0.000133 -0.005265
29.490810 0.016655 0.000133 -0.005266
29.507466 0.016656 0.000132 -0.005267
29.524122 0.016657 0.000131 -0.005268
29.540780 0.016658 0.000130 -0.005269
29.557439 0.016659 0.000129 -0.005269
29.574100 0.016661 0.000128 -0.005270
29.590763 0.016663 0.000127 -0.005271
29.607427 0.016665 0.000127 -0.005272
29.624094 0.016667 0.000126 -0.005273
29.640763 0.016669 0.000125 -0.005274
29.657432 0.016669 0.000124 -0.005274
29.674102 0.016670 0.000123 -0.005275
29.690773 0.016671 0.000122 -0.005276
29.707445 0.016672 0.000122 -0.005277
29.724117 0.016673 0.000121 -0.005278
29.740791 0.016674 0.000120 -0.005278
29.757465 0.016674 0.000119 -0.005279
29.774141 0.016675 0.000119 -0.005280
29.790817 0.016676 0.000118 -0.005281
29.807495 0.016678 0.000117 -0.005281
29.824174 0.016679 0.000116 -0.005282
29.840855 0.016681 0.000116 -0.005283
29.857538 0.016682 0.000115 -0.005284
29.874222 0.016684 0.000114 -0.005284
29.890908 0.016686 0.000113 -0.005285
29.907596 0.016688 0.000113 -0.005286
29.924287 0.016691 0.000112 -0.005287
29.940980 0.016693 0.000111 -0.005287
29.957676 0.016696 0.000111 -0.005288
29.974374 0.016698 0.000110 -0.005289
29.991076 0.016702 0.000109 -0.005289
30.000000 0.008924 0.000109 -0.005290
