Time Gauge0 Gauge1 Gauge2 Gauge3 Gauge4 Gauge5
0.000000e+00 0.000000e+00 -0.000000e+00 0.000000e+00 0.000000e+00 0.000000e+00 -1.000000e-06
2.000000e-01 0.000000e+00 -7.437804e-06 0.000000e+00 0.000000e+00 0.000000e+00 -2.528256e-04
4.000000e-01 0.000000e+00 -2.187736e-05 0.000000e+00 0.000000e+00 0.000000e+00 -4.013490e-04
6.000000e-01 0.000000e+00 -3.631800e-05 -1.318002e-06 0.000000e+00 0.000000e+00 -1.080959e-04
8.000000e-01 -1.000000e-06 -4.875861e-05 -6.000000e-06 -1.000000e-06 0.000000e+00 1.526205e-04
1.000000e+00 -8.397529e-06 -5.719876e-05 -1.839753e-05 2.397529e-06 0.000000e+00 1.624099e-04
1.200000e+00 -3.591569e-05 -6.000000e-05 -3.163856e-05 2.527713e-05 -2.000000e-06 4.761437e-05
1.400000e+00 -6.915708e-05 -5.900000e-05 -3.900000e-05 3.700000e-05 -2.439269e-05 -3.323561e-05
1.600000e+00 -8.400000e-05 -5.400000e-05 -4.200000e-05 3.900000e-05 -7.451899e-05 -4.800000e-05
1.800000e+00 -7.407997e-05 -4.503999e-05 -3.903999e-05 3.203999e-05 -6.803999e-05 -3.503999e-05
2.000000e+00 -5.619652e-05 -3.459826e-05 -2.079478e-05 3.000000e-05 -4.384347e-06 -1.959826e-05
2.200000e+00 -2.646873e-05 -2.415624e-05 9.687511e-06 3.100000e-05 6.753127e-05 -1.700000e-05
2.400000e+00 -5.714964e-06 -1.471496e-05 2.800000e-05 2.142993e-05 8.200000e-05 -1.600000e-05
2.600000e+00 1.000000e-06 -8.000000e-06 3.000000e-05 2.000000e-06 6.382820e-05 -1.500000e-05
2.800000e+00 8.162196e-06 -3.000000e-06 2.400000e-05 1.132439e-05 4.183780e-05 -1.800000e-05
3.000000e+00 2.360057e-05 -1.000000e-06 1.339943e-05 4.740229e-05 3.239943e-05 -2.100000e-05
3.200000e+00 4.407778e-05 -1.000000e-06 -4.038890e-06 6.900000e-05 3.600000e-05 -2.096111e-05
3.400000e+00 5.400000e-05 -2.477037e-06 -1.747704e-05 3.761481e-05 4.247704e-05 -8.522963e-06
3.600000e+00 5.500000e-05 -3.000000e-06 -2.100000e-05 -4.323567e-05 5.191507e-05 1.083015e-05
3.800000e+00 4.964730e-05 -1.000000e-06 -1.164730e-05 -1.485270e-04 6.135270e-05 2.435270e-05
4.000000e+00 4.021040e-05 4.000000e-06 7.896031e-07 -2.521064e-04 6.500000e-05 2.600000e-05
4.200000e+00 2.900000e-05 1.322832e-05 1.100000e-05 -3.405983e-04 5.454335e-05 2.000000e-05
4.400000e+00 1.933274e-05 2.466726e-05 1.800000e-05 -4.413398e-04 -1.333806e-05 5.665485e-06
4.600000e+00 9.895002e-06 3.610500e-05 2.300000e-05 -6.221000e-04 -1.119450e-04 -1.931499e-05
4.800000e+00 -3.084401e-06 4.454220e-05 2.854220e-05 -8.720128e-04 -2.103376e-04 -4.408440e-05
5.000000e+00 -2.295518e-05 4.900000e-05 3.497759e-05 -1.152440e-03 -2.818879e-04 -4.802241e-05
5.200000e+00 -3.841066e-05 4.858934e-05 4.141066e-05 -1.415034e-03 -3.508746e-04 -2.176803e-05
5.400000e+00 -4.500000e-05 4.400000e-05 4.884208e-05 -1.665684e-03 -4.542629e-04 1.652623e-05
5.600000e+00 -4.272834e-05 3.600000e-05 5.627166e-05 -1.878618e-03 -6.148898e-04 5.254331e-05
5.800000e+00 -2.559989e-05 2.729994e-05 6.370006e-05 -2.066201e-03 -8.548014e-04 5.189983e-05
6.000000e+00 -4.745201e-06 1.887260e-05 6.900000e-05 -2.250038e-03 -1.154567e-03 -7.019196e-06
6.200000e+00 1.155252e-05 9.447478e-06 6.900000e-05 -2.425735e-03 -1.468366e-03 -1.110777e-04
6.400000e+00 2.497544e-05 -1.975443e-06 5.902456e-05 -2.583681e-03 -1.752411e-03 -2.476808e-04
6.600000e+00 3.639668e-05 -1.439668e-05 4.320665e-05 -2.716967e-03 -1.996934e-03 -4.079502e-04
6.800000e+00 4.681643e-05 -2.481643e-05 2.818357e-05 -2.830348e-03 -2.233329e-03 -6.005122e-04
7.000000e+00 5.523452e-05 -3.100000e-05 2.000000e-05 -2.927642e-03 -2.439987e-03 -8.436284e-04
7.200000e+00 6.100000e-05 -2.900000e-05 2.265179e-05 -3.000259e-03 -2.619125e-03 -1.150554e-03
7.400000e+00 6.406844e-05 -1.786311e-05 4.320533e-05 -3.053342e-03 -2.773890e-03 -1.510190e-03
7.600000e+00 6.900000e-05 -3.042411e-08 7.045436e-05 -3.108424e-03 -2.922302e-03 -1.886998e-03
7.800000e+00 7.500000e-05 1.980091e-05 9.390046e-05 -3.168502e-03 -3.071606e-03 -2.259815e-03
8.000000e+00 7.800000e-05 3.531480e-05 1.113148e-04 -3.183056e-03 -3.224092e-03 -2.631074e-03
8.200000e+00 7.427218e-05 4.772782e-05 1.217278e-04 -3.088083e-03 -3.363006e-03 -3.001290e-03
8.400000e+00 6.271406e-05 5.700000e-05 1.281430e-04 -2.827711e-03 -3.474287e-03 -3.331574e-03
8.600000e+00 3.104147e-05 6.759171e-05 1.355917e-04 -2.420740e-03 -3.561550e-03 -3.594426e-03
8.800000e+00 -4.971151e-05 8.408894e-05 1.460889e-04 -1.918998e-03 -3.607178e-03 -3.802334e-03
9.000000e+00 -1.508462e-04 1.042992e-04 1.586496e-04 -1.392769e-03 -3.622000e-03 -3.968445e-03
9.200000e+00 -2.503562e-04 1.245890e-04 1.722945e-04 -8.800411e-04 -3.593938e-03 -4.101945e-03
9.400000e+00 -3.413520e-04 1.380440e-04 1.769560e-04 -3.669761e-04 -3.450120e-03 -4.204308e-03
9.600000e+00 -4.412000e-04 1.400889e-04 1.611778e-04 2.319334e-04 -3.121200e-03 -4.271644e-03
9.800000e+00 -5.667733e-04 1.242045e-04 1.135111e-04 1.047924e-03 -2.584214e-03 -4.296000e-03
1.000000e+01 -7.349599e-04 8.501336e-05 3.102138e-05 2.174719e-03 -1.931150e-03 -4.293003e-03
1.020000e+01 -9.569968e-04 2.480096e-05 -8.199841e-05 3.600180e-03 -1.269608e-03 -4.281800e-03
1.040000e+01 -1.225384e-03 -5.046480e-05 -2.179397e-04 5.200336e-03 -6.262715e-04 -4.271010e-03
1.060000e+01 -1.519991e-03 -1.389971e-04 -3.703704e-04 6.808205e-03 1.007264e-04 -4.214128e-03
1.080000e+01 -1.830316e-03 -2.429936e-04 -5.426568e-04 8.299919e-03 1.087599e-03 -4.007352e-03
1.100000e+01 -2.143681e-03 -3.626171e-04 -7.367874e-04 9.644894e-03 2.478437e-03 -3.518329e-03
1.120000e+01 -2.451325e-03 -4.959829e-04 -9.586068e-04 1.086513e-02 4.258855e-03 -2.759838e-03
1.140000e+01 -2.756309e-03 -6.401545e-04 -1.209020e-03 1.200237e-02 6.213816e-03 -1.776304e-03
1.160000e+01 -3.059714e-03 -7.943568e-04 -1.491714e-03 1.306638e-02 8.090162e-03 -7.671809e-04
1.180000e+01 -3.359303e-03 -9.533888e-04 -1.815269e-03 1.402440e-02 9.764939e-03 2.697556e-04
1.200000e+01 -3.663369e-03 -1.112685e-03 -2.177712e-03 1.488009e-02 1.128928e-02 1.547518e-03
1.220000e+01 -3.979173e-03 -1.268618e-03 -2.576982e-03 1.561635e-02 1.262885e-02 3.449275e-03
1.240000e+01 -4.309583e-03 -1.419862e-03 -3.006301e-03 1.618416e-02 1.383433e-02 6.147674e-03
1.260000e+01 -4.654631e-03 -1.565413e-03 -3.449337e-03 1.659718e-02 1.490209e-02 9.036339e-03
1.280000e+01 -5.015710e-03 -1.701624e-03 -3.853872e-03 1.689209e-02 1.588386e-02 1.165051e-02
1.300000e+01 -5.387023e-03 -1.817673e-03 -4.200853e-03 1.708734e-02 1.673688e-02 1.410981e-02
1.320000e+01 -5.765604e-03 -1.916174e-03 -4.488070e-03 1.713909e-02 1.744358e-02 1.636100e-02
1.340000e+01 -6.149368e-03 -1.996074e-03 -4.723196e-03 1.703082e-02 1.805959e-02 1.847599e-02
1.360000e+01 -6.534690e-03 -2.061531e-03 -4.898074e-03 1.676183e-02 1.861174e-02 2.023268e-02
1.380000e+01 -6.930751e-03 -2.114727e-03 -5.022455e-03 1.634459e-02 1.901023e-02 2.123877e-02
1.400000e+01 -7.338745e-03 -2.159860e-03 -5.110720e-03 1.582310e-02 1.925901e-02 2.180746e-02
1.420000e+01 -7.756698e-03 -2.196700e-03 -5.171266e-03 1.524124e-02 1.935413e-02 2.210563e-02
1.440000e+01 -8.090190e-03 -2.228298e-03 -5.208532e-03 1.464347e-02 1.931487e-02 2.224913e-02
1.460000e+01 -4.662735e-03 -2.257630e-03 -5.235753e-03 1.404229e-02 1.916422e-02 2.227925e-02
1.480000e+01 5.000366e-03 -2.223155e-03 -5.165896e-03 1.339220e-02 1.885659e-02 2.216185e-02
1.500000e+01 8.211651e-03 2.035186e-03 1.058411e-03 1.266945e-02 1.833831e-02 2.185623e-02
1.520000e+01 9.732426e-03 8.574260e-03 8.758024e-03 1.187310e-02 1.762558e-02 2.137732e-02
1.540000e+01 1.124444e-02 1.138298e-02 1.277996e-02 1.101398e-02 1.677365e-02 2.072226e-02
1.560000e+01 1.274001e-02 1.316801e-02 1.642202e-02 1.010800e-02 1.584200e-02 1.991200e-02
1.580000e+01 1.397125e-02 1.429255e-02 1.940504e-02 9.145122e-03 1.486212e-02 1.899386e-02
1.600000e+01 1.482700e-02 1.497223e-02 2.159103e-02 8.082205e-03 1.383612e-02 1.799150e-02
1.620000e+01 1.542122e-02 1.556901e-02 2.349069e-02 6.916979e-03 1.272737e-02 1.691877e-02
1.640000e+01 1.586167e-02 1.621516e-02 2.732605e-02 5.714543e-03 1.152723e-02 1.579468e-02
1.660000e+01 1.612498e-02 1.713675e-02 3.002273e-02 4.551836e-03 1.025071e-02 1.463542e-02
1.680000e+01 1.617803e-02 1.951824e-02 3.432187e-02 3.487123e-03 8.937268e-03 1.344288e-02
1.700000e+01 1.596266e-02 3.501763e-02 4.172546e-02 2.554831e-03 7.620099e-03 1.226008e-02
1.720000e+01 1.543702e-02 3.867987e-02 4.338342e-02 1.747706e-03 6.334883e-03 1.108880e-02
1.740000e+01 1.582949e-02 3.645732e-02 4.279150e-02 1.046454e-03 5.067590e-03 9.948977e-03
1.760000e+01 2.266840e-02 3.465293e-02 4.034485e-02 3.847306e-04 3.774844e-03 8.861983e-03
1.780000e+01 3.117262e-02 3.339346e-02 3.756048e-02 -3.279939e-04 2.463344e-03 7.830675e-03
1.800000e+01 3.075586e-02 3.235694e-02 3.519385e-02 -1.159898e-03 1.187759e-03 6.779924e-03
1.820000e+01 3.295793e-02 3.105925e-02 3.287490e-02 -2.086436e-03 -1.053927e-05 5.712856e-03
1.840000e+01 3.534420e-02 2.944955e-02 3.046792e-02 -3.057786e-03 -1.112913e-03 4.617438e-03
1.860000e+01 3.563744e-02 2.773607e-02 2.844279e-02 -4.059283e-03 -2.133515e-03 3.430595e-03
1.880000e+01 3.486389e-02 2.615471e-02 2.670422e-02 -5.093375e-03 -3.078670e-03 2.037923e-03
1.900000e+01 3.340747e-02 2.722825e-02 2.510440e-02 -6.126521e-03 -3.962926e-03 8.021652e-04
1.920000e+01 3.152522e-02 2.962798e-02 2.351997e-02 -7.130072e-03 -4.820829e-03 4.551484e-03
1.940000e+01 2.933355e-02 2.827420e-02 2.176238e-02 -8.126110e-03 -5.680513e-03 6.625462e-03
1.960000e+01 2.707328e-02 2.558337e-02 1.994716e-02 -9.109367e-03 -6.486878e-03 4.357971e-03
1.980000e+01 2.539072e-02 2.348563e-02 1.905984e-02 -1.003189e-02 -7.465083e-03 1.601707e-03
2.000000e+01 2.545808e-02 2.175435e-02 1.868219e-02 -1.086142e-02 -8.903498e-03 -1.191611e-03
2.020000e+01 2.497629e-02 2.018597e-02 1.786506e-02 -1.158755e-02 -5.080469e-03 -3.679959e-03
2.040000e+01 2.358308e-02 1.845172e-02 1.658174e-02 -1.217168e-02 -8.493478e-04 -5.288222e-03
2.060000e+01 2.207520e-02 1.692055e-02 1.526750e-02 -1.285423e-02 -2.116002e-03 -5.744251e-03
2.080000e+01 2.078551e-02 1.623734e-02 1.417817e-02 -1.418763e-02 -4.536451e-03 -6.556951e-03
2.100000e+01 1.959401e-02 1.638404e-02 1.335957e-02 -9.758129e-03 -6.360513e-03 -7.638396e-03
2.120000e+01 1.849284e-02 1.657696e-02 1.283851e-02 -5.604769e-03 -6.839886e-03 -8.610256e-03
2.140000e+01 1.745735e-02 1.639520e-02 1.245973e-02 -6.774743e-03 -6.751451e-03 -8.247378e-03
2.160000e+01 1.644565e-02 1.608252e-02 1.206304e-02 -8.022918e-03 -6.780228e-03 -8.265904e-03
2.180000e+01 1.517048e-02 1.542273e-02 1.199053e-02 -8.257784e-03 -4.136207e-03 -9.038289e-03
2.200000e+01 1.352078e-02 1.414559e-02 1.199476e-02 -6.357378e-03 -3.599111e-03 -9.938111e-03
2.220000e+01 1.177594e-02 1.278272e-02 1.145070e-02 -2.589497e-03 -4.727238e-03 -1.066273e-02
2.240000e+01 1.008530e-02 1.150967e-02 1.047820e-02 4.365591e-03 -5.757121e-03 -1.145093e-02
2.260000e+01 8.509864e-03 1.033583e-02 9.200266e-03 6.758592e-03 -7.267297e-03 -1.279497e-02
2.280000e+01 7.047330e-03 9.254281e-03 7.795864e-03 4.882155e-03 -8.796670e-03 -1.426248e-02
2.300000e+01 5.665357e-03 8.236414e-03 6.436649e-03 3.134553e-03 -1.009046e-02 -1.576310e-02
2.320000e+01 4.346781e-03 7.270312e-03 5.158052e-03 3.060988e-03 -1.092326e-02 -1.729230e-02
2.340000e+01 3.082992e-03 6.376904e-03 3.943262e-03 2.850345e-03 -1.003415e-02 -1.891736e-02
2.360000e+01 1.858002e-03 5.553655e-03 2.854829e-03 1.705391e-03 -6.485506e-03 -2.062558e-02
2.380000e+01 6.666499e-04 4.798288e-03 1.908977e-03 -1.029552e-03 -5.617834e-03 -2.233876e-02
2.400000e+01 -4.887240e-04 4.114754e-03 1.028751e-03 -4.973574e-03 -6.172425e-03 -2.409379e-02
2.420000e+01 -1.624173e-03 3.496401e-03 1.871513e-04 -6.924398e-03 -6.930186e-03 -2.591485e-02
2.440000e+01 -2.755876e-03 2.933028e-03 -6.015612e-04 -7.929671e-03 -7.290808e-03 -2.770957e-02
2.460000e+01 -3.853469e-03 2.395150e-03 -1.359928e-03 -7.764229e-03 -7.907775e-03 -2.955870e-02
2.480000e+01 -4.893701e-03 1.867808e-03 -2.090659e-03 -6.969207e-03 -9.373986e-03 -3.135036e-02
2.500000e+01 -5.862177e-03 1.371988e-03 -2.754323e-03 -5.024942e-03 -1.160991e-02 -3.247553e-02
2.520000e+01 -6.742228e-03 9.249971e-04 -3.284336e-03 -2.634985e-03 -1.395357e-02 -2.911963e-02
2.540000e+01 -7.524220e-03 5.183238e-04 -3.684423e-03 -1.240299e-03 -1.513718e-02 -2.473706e-02
2.560000e+01 -8.156065e-03 1.370195e-04 -3.992924e-03 -1.505536e-03 -1.457359e-02 -2.179835e-02
2.580000e+01 -8.671679e-03 -2.229214e-04 -4.218299e-03 -3.219799e-03 -1.205798e-02 -1.950498e-02
2.600000e+01 -9.136302e-03 -5.521125e-04 -4.393466e-03 -4.918536e-03 -9.174747e-03 -1.768744e-02
2.620000e+01 -9.527059e-03 -8.428848e-04 -4.532989e-03 -5.568803e-03 -7.804126e-03 -1.617341e-02
2.640000e+01 -9.860050e-03 -1.098807e-03 -4.652363e-03 -5.333941e-03 -8.367965e-03 -1.436221e-02
2.660000e+01 -1.014419e-02 -1.318487e-03 -4.754935e-03 -4.708155e-03 -1.000092e-02 -1.167663e-02
2.680000e+01 -1.040535e-02 -1.504677e-03 -4.840004e-03 -4.310653e-03 -1.155640e-02 -8.725154e-03
2.700000e+01 -1.066090e-02 -1.656044e-03 -4.910929e-03 -4.123655e-03 -1.211347e-02 -5.830274e-03
2.720000e+01 -1.091802e-02 -1.778152e-03 -4.970576e-03 -3.842831e-03 -1.131702e-02 -4.610552e-03
2.740000e+01 -1.117339e-02 -1.873464e-03 -5.022836e-03 -3.800554e-03 -9.962746e-03 -4.820336e-03
2.760000e+01 -1.141820e-02 -1.950550e-03 -5.066240e-03 -4.064650e-03 -8.542040e-03 -5.817620e-03
2.780000e+01 -1.164436e-02 -2.012871e-03 -5.102749e-03 -4.015141e-03 -7.302311e-03 -6.937952e-03
2.800000e+01 -1.183795e-02 -2.064586e-03 -5.133793e-03 -3.620963e-03 -6.551359e-03 -7.217844e-03
2.820000e+01 -1.197452e-02 -2.107232e-03 -5.159821e-03 -2.795038e-03 -6.010055e-03 -6.805234e-03
2.840000e+01 -1.210020e-02 -2.144400e-03 -5.182934e-03 -1.626989e-03 -5.120521e-03 -6.116327e-03
2.860000e+01 -1.219366e-02 -2.177047e-03 -5.203047e-03 -8.657277e-04 -3.307834e-03 -5.648532e-03
2.880000e+01 -1.226370e-02 -2.205620e-03 -5.220540e-03 -5.704192e-04 -1.456276e-03 -5.498279e-03
2.900000e+01 -1.231715e-02 -2.232073e-03 -5.235536e-03 -8.964743e-05 -7.535363e-04 -5.171301e-03
2.920000e+01 -1.235961e-02 -2.257076e-03 -5.249538e-03 5.252832e-04 -1.009911e-03 -4.441206e-03
2.940000e+01 -1.239919e-02 -2.280095e-03 -5.260547e-03 1.024344e-03 -1.142358e-03 -2.734130e-03
2.960000e+01 -1.243666e-02 -2.301109e-03 -5.271554e-03 1.501172e-03 -9.654794e-04 -6.300822e-04
2.980000e+01 -1.246910e-02 -2.320101e-03 -5.281000e-03 1.881563e-03 -3.774576e-04 8.338015e-04
