# time_s gauge_0_train_simulated gauge_0_train_observed gauge_1_train_simulated gauge_1_train_observed gauge_2_test_simulated gauge_2_test_observed gauge_3_train_simulated gauge_3_train_observed gauge_4_train_simulated gauge_4_train_observed gauge_5_train_simulated gauge_5_train_observed
2.0000000000e-01 -2.0759487879e-12 0.0000000000e+00 -7.7890360881e-06 -7.4378040000e-06 -8.3360123899e-09 0.0000000000e+00 -1.6441015216e-13 0.0000000000e+00 0.0000000000e+00 0.0000000000e+00 -2.5292401461e-04 -2.5282560000e-04
4.0000000000e-01 -1.4627045651e-09 0.0000000000e+00 -2.2169023707e-05 -2.1877360000e-05 -2.0819964625e-07 0.0000000000e+00 -3.5738311477e-09 0.0000000000e+00 -4.3964831775e-14 0.0000000000e+00 -4.0187975304e-04 -4.0134900000e-04
6.0000000000e-01 -6.4461859539e-08 -5.5511151231e-22 -3.5981620523e-05 -3.6318000000e-05 -1.4414690420e-06 -1.3180020000e-06 -1.4424473773e-06 -5.5511151231e-22 -3.2236727177e-11 0.0000000000e+00 -1.0823276441e-04 -1.0809590000e-04
8.0000000000e-01 -1.0082545551e-06 -1.0000000000e-06 -4.8418236809e-05 -4.8758610000e-05 -6.0624988693e-06 -6.0000000000e-06 1.1403348589e-05 -1.0000000000e-06 -3.1255170119e-09 0.0000000000e+00 1.5314666131e-04 1.5262050000e-04
1.0000000000e+00 -8.7519460886e-06 -8.3975290000e-06 -5.7479321711e-05 -5.7198760000e-05 -1.8454655065e-05 -1.8397530000e-05 6.6537290794e-05 2.3975290000e-06 -1.0242374845e-07 0.0000000000e+00 1.6281175081e-04 1.6240990000e-04
1.2000000000e+00 -3.5891672409e-05 -3.5915690000e-05 -6.0428301151e-05 -6.0000000000e-05 -3.1600219248e-05 -3.1638560000e-05 5.7958990584e-05 2.5277130000e-05 -1.7976784203e-06 -2.0000000000e-06 4.8156074579e-05 4.7614370000e-05
1.4000000000e+00 -6.8924602533e-05 -6.9157080000e-05 -5.8862143765e-05 -5.9000000000e-05 -3.8976186196e-05 -3.9000000000e-05 -3.8115510408e-05 3.7000000000e-05 -2.5198677110e-05 -2.4392690000e-05 -3.2895535153e-05 -3.3235610000e-05
1.6000000000e+00 -8.4100748315e-05 -8.4000000000e-05 -5.3986177786e-05 -5.4000000000e-05 -4.1864912455e-05 -4.2000000000e-05 -7.1202906386e-05 3.9000000000e-05 -7.8607579377e-05 -7.4518990000e-05 -4.8197195562e-05 -4.8000000000e-05
1.8000000000e+00 -7.4295224313e-05 -7.4079970000e-05 -4.5242272214e-05 -4.5039990000e-05 -3.9241761943e-05 -3.9039990000e-05 -7.0837180946e-05 3.2039990000e-05 -4.6202362757e-05 -6.8039990000e-05 -3.4966474914e-05 -3.5039990000e-05
2.0000000000e+00 -5.6148978753e-05 -5.6196520000e-05 -3.4635986481e-05 -3.4598260000e-05 -2.0711209436e-05 -2.0794780000e-05 -2.9300509867e-05 3.0000000000e-05 5.3654729592e-05 -4.3843470000e-06 -1.9330122534e-05 -1.9598260000e-05
2.2000000000e+00 -2.6467586442e-05 -2.6468730000e-05 -2.4123736358e-05 -2.4156240000e-05 9.9595967941e-06 9.6875110000e-06 2.9139769111e-05 3.1000000000e-05 9.4490831092e-05 6.7531270000e-05 -1.6916317719e-05 -1.7000000000e-05
2.4000000000e+00 -6.0438849393e-06 -5.7149640000e-06 -1.4793064238e-05 -1.4714960000e-05 2.7796026403e-05 2.8000000000e-05 7.2430138848e-05 2.1429930000e-05 2.2243972528e-05 8.2000000000e-05 -1.5280127484e-05 -1.6000000000e-05
2.6000000000e+00 1.3221905651e-06 1.0000000000e-06 -7.6916636779e-06 -8.0000000000e-06 3.0089615477e-05 3.0000000000e-05 9.7105644891e-05 2.0000000000e-06 -5.2112615195e-05 6.3828200000e-05 -1.7580593836e-05 -1.5000000000e-05
2.8000000000e+00 8.3206596755e-06 8.1621960000e-06 -2.7834326695e-06 -3.0000000000e-06 2.4217809421e-05 2.4000000000e-05 1.2447639651e-04 1.1324390000e-05 -7.0651216572e-05 4.1837800000e-05 -2.5217467882e-05 -1.8000000000e-05
3.0000000000e+00 2.3696332573e-05 2.3600570000e-05 -5.4753288439e-07 -1.0000000000e-06 1.3145866772e-05 1.3399430000e-05 1.5594322239e-04 4.7402290000e-05 -4.3880994867e-05 3.2399430000e-05 -1.3582947550e-05 -2.1000000000e-05
3.2000000000e+00 4.4131958346e-05 4.4077780000e-05 -8.8577395374e-07 -1.0000000000e-06 -3.5901599901e-06 -4.0388900000e-06 1.5000339996e-04 6.9000000000e-05 2.2551085461e-05 3.6000000000e-05 2.0106454892e-05 -2.0961110000e-05
3.4000000000e+00 5.3728663207e-05 5.4000000000e-05 -2.4991564137e-06 -2.4770370000e-06 -1.7829417076e-05 -1.7477040000e-05 8.4864556037e-05 3.7614810000e-05 9.3206634448e-05 4.2477040000e-05 3.9373031190e-05 -8.5229630000e-06
3.6000000000e+00 5.4713290259e-05 5.5000000000e-05 -3.1474580479e-06 -3.0000000000e-06 -2.0901051973e-05 -2.1000000000e-05 -2.4437892764e-05 -4.3235670000e-05 1.5273621635e-04 5.1915070000e-05 2.0662635899e-05 1.0830150000e-05
3.8000000000e+00 4.9648128614e-05 4.9647300000e-05 -1.2416115474e-06 -1.0000000000e-06 -1.1862266226e-05 -1.1647300000e-05 -1.5659091493e-04 -1.4852700000e-04 1.8401528481e-04 6.1352700000e-05 -3.7565901633e-05 2.4352700000e-05
4.0000000000e+00 3.9808070041e-05 4.0210400000e-05 4.0868325100e-06 4.0000000000e-06 7.7830259960e-07 7.8960310000e-07 -3.0005183146e-04 -2.5210640000e-04 1.8894736321e-04 6.5000000000e-05 -8.1238791753e-05 2.6000000000e-05
4.2000000000e+00 2.9200731755e-05 2.9000000000e-05 1.3362851454e-05 1.3228320000e-05 1.0871677602e-05 1.1000000000e-05 -4.4000283909e-04 -3.4059830000e-04 1.4930476128e-04 5.4543350000e-05 -9.8936678144e-05 2.0000000000e-05
4.4000000000e+00 1.9408304183e-05 1.9332740000e-05 2.4527318866e-05 2.4667260000e-05 1.7974801512e-05 1.8000000000e-05 -5.9150687488e-04 -4.4133980000e-04 4.5585588349e-05 -1.3338060000e-05 -9.0459652313e-05 5.6654850000e-06
4.6000000000e+00 9.9947678991e-06 9.8950020000e-06 3.5854185376e-05 3.6105000000e-05 2.2830127018e-05 2.3000000000e-05 -7.9472483045e-04 -6.2210000000e-04 -8.1728094316e-05 -1.1194500000e-04 -7.1096107740e-05 -1.9314990000e-05
4.8000000000e+00 -3.2278658743e-06 -3.0844010000e-06 4.4485289548e-05 4.4542200000e-05 2.8342811986e-05 2.8542200000e-05 -1.0124720131e-03 -8.7201280000e-04 -2.1365230302e-04 -2.1033760000e-04 -3.4431073611e-05 -4.4084400000e-05
5.0000000000e+00 -2.3442336610e-05 -2.2955180000e-05 4.9053303949e-05 4.9000000000e-05 3.4660862014e-05 3.4977590000e-05 -1.2052364787e-03 -1.1524400000e-03 -3.2809605901e-04 -2.8188790000e-04 2.3738534452e-05 -4.8022410000e-05
5.2000000000e+00 -3.8605094233e-05 -3.8410660000e-05 4.8649495638e-05 4.8589340000e-05 4.1517204320e-05 4.1410660000e-05 -1.3511363951e-03 -1.4150340000e-03 -4.5256372224e-04 -3.5087460000e-04 1.0011675882e-04 -2.1768030000e-05
5.4000000000e+00 -4.5074109666e-05 -4.5000000000e-05 4.3956425626e-05 4.4000000000e-05 4.8730814180e-05 4.8842080000e-05 -1.4971003637e-03 -1.6656840000e-03 -6.1289540085e-04 -4.5426290000e-04 1.7856022983e-04 1.6526230000e-05
5.6000000000e+00 -3.7962046816e-05 -4.2728340000e-05 3.6146478859e-05 3.6000000000e-05 5.6344757473e-05 5.6271660000e-05 -1.6537611845e-03 -1.8786180000e-03 -8.0651191566e-04 -6.1488980000e-04 2.2696766774e-04 5.2543310000e-05
5.8000000000e+00 -7.5494827938e-06 -2.5599890000e-05 2.7518784571e-05 2.7299940000e-05 6.3294189988e-05 6.3700060000e-05 -1.8438896365e-03 -2.0662010000e-03 -1.0275230136e-03 -8.5480140000e-04 2.0552206095e-04 5.1899830000e-05
6.0000000000e+00 1.3384223128e-05 -4.7452010000e-06 1.8543939593e-05 1.8872600000e-05 6.6768576303e-05 6.9000000000e-05 -2.0732563018e-03 -2.2500380000e-03 -1.2490213047e-03 -1.1545670000e-03 1.0921899493e-04 -7.0191960000e-06
6.2000000000e+00 2.3829555746e-05 1.1552520000e-05 8.5305236280e-06 9.4474780000e-06 6.4532753951e-05 6.9000000000e-05 -2.3164084046e-03 -2.4257350000e-03 -1.4445045534e-03 -1.4683660000e-03 -5.4669771270e-05 -1.1107770000e-04
6.4000000000e+00 2.2307437517e-05 2.4975440000e-05 -2.2001495408e-06 -1.9754430000e-06 5.7193421248e-05 5.9024560000e-05 -2.5339470100e-03 -2.5836810000e-03 -1.6080695071e-03 -1.7524110000e-03 -2.7558877856e-04 -2.4768080000e-04
6.6000000000e+00 -8.5029894079e-06 3.6396680000e-05 -1.2149145327e-05 -1.4396680000e-05 4.8260442094e-05 4.3206650000e-05 -2.7094700162e-03 -2.7169670000e-03 -1.7669341023e-03 -1.9969340000e-03 -5.3348830306e-04 -4.0795020000e-04
6.8000000000e+00 -2.7720825532e-05 4.6816430000e-05 -1.9150760436e-05 -2.4816430000e-05 4.2720215979e-05 2.8183570000e-05 -2.8563390321e-03 -2.8303480000e-03 -1.9592810551e-03 -2.2333290000e-03 -8.1494397199e-04 -6.0051220000e-04
7.0000000000e+00 -2.6672978243e-05 5.5234520000e-05 -1.9087688504e-05 -3.1000000000e-05 4.2765500681e-05 2.0000000000e-05 -2.9877395961e-03 -2.9276420000e-03 -2.1974716959e-03 -2.4399870000e-03 -1.1162347208e-03 -8.4362840000e-04
7.2000000000e+00 -1.6944478592e-05 6.1000000000e-05 -1.1581631295e-05 -2.9000000000e-05 4.6602599423e-05 2.2651790000e-05 -3.1031418941e-03 -3.0002590000e-03 -2.4459523459e-03 -2.6191250000e-03 -1.4254629800e-03 -1.1505540000e-03
7.4000000000e+00 2.8159836985e-05 6.4068440000e-05 -2.8130196420e-06 -1.7863110000e-05 4.9680475686e-05 4.3205330000e-05 -3.1831445152e-03 -3.0533420000e-03 -2.6760713899e-03 -2.7738900000e-03 -1.7199378810e-03 -1.5101900000e-03
7.6000000000e+00 1.0408034035e-04 6.9000000000e-05 8.9151227847e-07 -3.0424110000e-08 4.4741934980e-05 7.0454360000e-05 -3.2300790985e-03 -3.1084240000e-03 -2.8905853319e-03 -2.9223020000e-03 -1.9753625600e-03 -1.8869980000e-03
7.8000000000e+00 1.5589525561e-04 7.5000000000e-05 -9.9054057224e-07 1.9800910000e-05 3.2415619904e-05 9.3900460000e-05 -3.2369502555e-03 -3.1685020000e-03 -3.0919421892e-03 -3.0716060000e-03 -2.2054867756e-03 -2.2598150000e-03
8.0000000000e+00 1.8480388316e-04 7.8000000000e-05 -7.8825595394e-06 3.5314800000e-05 2.1061560896e-05 1.1131480000e-04 -3.1782796055e-03 -3.1830560000e-03 -3.2877184317e-03 -3.2240920000e-03 -2.4398537739e-03 -2.6310740000e-03
8.2000000000e+00 1.9636305453e-04 7.4272180000e-05 -1.6806715777e-05 4.7727820000e-05 2.0700030344e-05 1.2172780000e-04 -3.0400388817e-03 -3.0880830000e-03 -3.4788473921e-03 -3.3630060000e-03 -2.7009471127e-03 -3.0012900000e-03
8.4000000000e+00 1.8632604362e-04 6.2714060000e-05 -1.9623126990e-05 5.7000000000e-05 4.0584085738e-05 1.2814300000e-04 -2.8096278588e-03 -2.8277110000e-03 -3.6356439172e-03 -3.4742870000e-03 -2.9729523734e-03 -3.3315740000e-03
8.6000000000e+00 1.3228009907e-04 3.1041470000e-05 -2.6769892190e-06 6.7591710000e-05 9.9440922120e-05 1.3559170000e-04 -2.5131662691e-03 -2.4207400000e-03 -3.7340108747e-03 -3.5615500000e-03 -3.2355804073e-03 -3.5944260000e-03
8.8000000000e+00 9.8066877830e-06 -4.9711510000e-05 3.9683574414e-05 8.4088940000e-05 1.8113621517e-04 1.4608890000e-04 -2.1470993261e-03 -1.9189980000e-03 -3.7496854032e-03 -3.6071780000e-03 -3.4903746194e-03 -3.8023340000e-03
9.0000000000e+00 -1.3408901751e-04 -1.5084620000e-04 9.5895408253e-05 1.0429920000e-04 2.4898114120e-04 1.5864960000e-04 -1.6927739908e-03 -1.3927690000e-03 -3.6972574752e-03 -3.6220000000e-03 -3.7409952130e-03 -3.9684450000e-03
9.2000000000e+00 -2.8347214187e-04 -2.5035620000e-04 1.4847748823e-04 1.2458900000e-04 2.9155049593e-04 1.7229450000e-04 -1.1187609321e-03 -8.8004110000e-04 -3.5971141778e-03 -3.5939380000e-03 -3.9810409618e-03 -4.1019450000e-03
9.4000000000e+00 -4.3086754679e-04 -3.4135200000e-04 1.8874981168e-04 1.3804400000e-04 3.0070104461e-04 1.7695600000e-04 -4.0130938840e-04 -3.6697610000e-04 -3.4375940680e-03 -3.4501200000e-03 -4.2011262363e-03 -4.2043080000e-03
9.6000000000e+00 -5.8353559729e-04 -4.4120000000e-04 2.1990013477e-04 1.4008890000e-04 2.7991977483e-04 1.6117780000e-04 4.7390399306e-04 2.3193340000e-04 -3.1761713761e-03 -3.1212000000e-03 -4.3804376657e-03 -4.2716440000e-03
9.8000000000e+00 -7.4928116168e-04 -5.6677330000e-04 2.4014449178e-04 1.2420450000e-04 2.1537685661e-04 1.1351110000e-04 1.5126377669e-03 1.0479240000e-03 -2.7627562840e-03 -2.5842140000e-03 -4.5027988926e-03 -4.2960000000e-03
1.0000000000e+01 -9.2902273143e-04 -7.3495990000e-04 2.3127724591e-04 8.5013360000e-05 1.0814411840e-04 3.1021380000e-05 2.7015153579e-03 2.1747190000e-03 -2.1877433628e-03 -1.9311500000e-03 -4.5620403148e-03 -4.2930030000e-03
1.0200000000e+01 -1.1234502345e-03 -9.5699680000e-04 1.8071742597e-04 2.4800960000e-05 -3.0200449432e-05 -8.1998410000e-05 4.0012407908e-03 3.6001800000e-03 -1.4593101886e-03 -1.2696080000e-03 -4.5473135916e-03 -4.2818000000e-03
1.0400000000e+01 -1.3314746792e-03 -1.2253840000e-03 8.9184488433e-05 -5.0464800000e-05 -1.9505018789e-04 -2.1793970000e-04 5.3627723120e-03 5.2003360000e-03 -5.8294423700e-04 -6.2627150000e-04 -4.4648239772e-03 -4.2710100000e-03
1.0600000000e+01 -1.5498063249e-03 -1.5199910000e-03 -2.6031953543e-05 -1.3899710000e-04 -3.7275970497e-04 -3.7037040000e-04 6.7518608292e-03 6.8082050000e-03 4.5475402544e-04 1.0072640000e-04 -4.3139886160e-03 -4.2141280000e-03
1.0800000000e+01 -1.7756576213e-03 -1.8303160000e-03 -1.6195030380e-04 -2.4299360000e-04 -5.6997729460e-04 -5.4265680000e-04 8.1353035620e-03 8.2999190000e-03 1.6784918164e-03 1.0875990000e-03 -4.0496379522e-03 -4.0073520000e-03
1.1000000000e+01 -2.0085505216e-03 -2.1436810000e-03 -3.1893418538e-04 -3.6261710000e-04 -7.9310763744e-04 -7.3678740000e-04 9.4779722611e-03 9.6448940000e-03 3.0780162927e-03 2.4784370000e-03 -3.6131357562e-03 -3.5183290000e-03
1.1200000000e+01 -2.2516318587e-03 -2.4513250000e-03 -4.9041594859e-04 -4.9598290000e-04 -1.0486422122e-03 -9.5860680000e-04 1.0753308364e-02 1.0865130000e-02 4.6057246822e-03 4.2588550000e-03 -2.9863151787e-03 -2.7598380000e-03
1.1400000000e+01 -2.5115705769e-03 -2.7563090000e-03 -6.6804679351e-04 -6.4015450000e-04 -1.3331938277e-03 -1.2090200000e-03 1.1925859739e-02 1.2002370000e-02 6.2094175097e-03 6.2138160000e-03 -2.1911618788e-03 -1.7763040000e-03
1.1600000000e+01 -2.7936883991e-03 -3.0597140000e-03 -8.4444734984e-04 -7.9435680000e-04 -1.6442183125e-03 -1.4917140000e-03 1.2979481984e-02 1.3066380000e-02 7.8432852114e-03 8.0901620000e-03 -1.1363096491e-03 -7.6718090000e-04
1.1800000000e+01 -3.1034688046e-03 -3.3593030000e-03 -1.0146438266e-03 -9.5338880000e-04 -1.9934143509e-03 -1.8152690000e-03 1.3892786663e-02 1.4024400000e-02 9.4640963257e-03 9.7649390000e-03 2.2604617876e-04 2.6975560000e-04
1.2000000000e+01 -3.4421905379e-03 -3.6633690000e-03 -1.1768566341e-03 -1.1126850000e-03 -2.3748112521e-03 -2.1777120000e-03 1.4699600763e-02 1.4880090000e-02 1.1030934774e-02 1.1289280000e-02 1.9843638570e-03 1.5475180000e-03
1.2200000000e+01 -3.8049571466e-03 -3.9791730000e-03 -1.3304457484e-03 -1.2686180000e-03 -2.7825190210e-03 -2.5769820000e-03 1.5372099680e-02 1.5616350000e-02 1.2447812836e-02 1.2628850000e-02 4.1298819710e-03 3.4492750000e-03
1.2400000000e+01 -4.1847447747e-03 -4.3095830000e-03 -1.4738614674e-03 -1.4198620000e-03 -3.2069463157e-03 -3.0063010000e-03 1.5912916444e-02 1.6184160000e-02 1.3680541663e-02 1.3834330000e-02 6.5731667621e-03 6.1476740000e-03
1.2600000000e+01 -4.5762988635e-03 -4.6546310000e-03 -1.6093574441e-03 -1.5654130000e-03 -3.6131035562e-03 -3.4493370000e-03 1.6330422147e-02 1.6597180000e-02 1.4745117762e-02 1.4902090000e-02 9.1373665890e-03 9.0363390000e-03
1.2800000000e+01 -4.9785467104e-03 -5.0157100000e-03 -1.7316632099e-03 -1.7016240000e-03 -3.9709346985e-03 -3.8538720000e-03 1.6629785365e-02 1.6892090000e-02 1.5717044452e-02 1.5883860000e-02 1.1741056891e-02 1.1650510000e-02
1.3000000000e+01 -5.3916941845e-03 -5.3870230000e-03 -1.8361510660e-03 -1.8176730000e-03 -4.2687419266e-03 -4.2008530000e-03 1.6833879204e-02 1.7087340000e-02 1.6554903086e-02 1.6736880000e-02 1.4310121035e-02 1.4109810000e-02
1.3200000000e+01 -5.8082993186e-03 -5.7656040000e-03 -1.9233498813e-03 -1.9161740000e-03 -4.5220468122e-03 -4.4880700000e-03 1.6919410824e-02 1.7139090000e-02 1.7266804123e-02 1.7443580000e-02 1.6529087552e-02 1.6361000000e-02
1.3400000000e+01 -6.2184224633e-03 -6.1493680000e-03 -1.9953843610e-03 -1.9960740000e-03 -4.7291240486e-03 -4.7231960000e-03 1.6874813366e-02 1.7030820000e-02 1.7876306260e-02 1.8059590000e-02 1.8373284165e-02 1.8475990000e-02
1.3600000000e+01 -6.6146641669e-03 -6.5346900000e-03 -2.0553269839e-03 -2.0615310000e-03 -4.8868414842e-03 -4.8980740000e-03 1.6698250220e-02 1.6761830000e-02 1.8386842133e-02 1.8611740000e-02 1.9884588510e-02 2.0232680000e-02
1.3800000000e+01 -7.0105202012e-03 -6.9307510000e-03 -2.1055178755e-03 -2.1147270000e-03 -5.0027546558e-03 -5.0224550000e-03 1.6403664367e-02 1.6344590000e-02 1.8749446954e-02 1.9010230000e-02 2.0889849879e-02 2.1238770000e-02
1.4000000000e+01 -7.4168746054e-03 -7.3387450000e-03 -2.1480127484e-03 -2.1598600000e-03 -5.0891077436e-03 -5.1107200000e-03 1.6015008068e-02 1.5823100000e-02 1.9033063550e-02 1.9259010000e-02 2.1490716428e-02 2.1807460000e-02
1.4200000000e+01 -7.8391377505e-03 -7.7566980000e-03 -2.1842826489e-03 -2.1967000000e-03 -5.1518562520e-03 -5.1712660000e-03 1.5540413607e-02 1.5241240000e-02 1.9238392732e-02 1.9354130000e-02 2.1823835639e-02 2.2105630000e-02
1.4400000000e+01 -8.1530132770e-03 -8.0901900000e-03 -2.2151880565e-03 -2.2282980000e-03 -5.1936612731e-03 -5.2085320000e-03 1.4991367935e-02 1.4643470000e-02 1.9315370911e-02 1.9314870000e-02 2.1951263541e-02 2.2249130000e-02
1.4600000000e+01 -3.8134748706e-03 -4.6627350000e-03 -2.2438873644e-03 -2.2576300000e-03 -5.2214030103e-03 -5.2357530000e-03 1.4360963988e-02 1.4042290000e-02 1.9246705616e-02 1.9164220000e-02 2.1920989367e-02 2.2279250000e-02
1.4800000000e+01 5.0431927868e-03 5.0003660000e-03 -2.1928293985e-03 -2.2231550000e-03 -5.1193267427e-03 -5.1658960000e-03 1.3637153967e-02 1.3392200000e-02 1.9000229863e-02 1.8856590000e-02 2.1744965724e-02 2.2161850000e-02
1.5000000000e+01 8.0431132816e-03 8.2116510000e-03 2.0687147304e-03 2.0351860000e-03 1.3009601524e-03 1.0584110000e-03 1.2841357500e-02 1.2669450000e-02 1.8553130414e-02 1.8338310000e-02 2.1438028591e-02 2.1856230000e-02
1.5200000000e+01 9.6592020491e-03 9.7324260000e-03 8.3556776190e-03 8.5742600000e-03 8.8809293504e-03 8.7580240000e-03 1.1991392326e-02 1.1873100000e-02 1.7897602469e-02 1.7625580000e-02 2.1007585423e-02 2.1377320000e-02
1.5400000000e+01 1.1160079211e-02 1.1244440000e-02 1.1281957908e-02 1.1382980000e-02 1.2785764769e-02 1.2779960000e-02 1.1083823947e-02 1.1013980000e-02 1.7062013108e-02 1.6773650000e-02 2.0458227577e-02 2.0722260000e-02
1.5600000000e+01 1.2614403224e-02 1.2740010000e-02 1.3006049819e-02 1.3168010000e-02 1.6275479966e-02 1.6422020000e-02 1.0115399384e-02 1.0108000000e-02 1.6106850378e-02 1.5842000000e-02 1.9814649041e-02 1.9912000000e-02
1.5800000000e+01 1.3805626902e-02 1.3971250000e-02 1.4088728677e-02 1.4292550000e-02 1.9186187229e-02 1.9405040000e-02 9.0821225910e-03 9.1451220000e-03 1.5060746921e-02 1.4862120000e-02 1.9069348671e-02 1.8993860000e-02
1.6000000000e+01 1.4638352485e-02 1.4827000000e-02 1.4767986739e-02 1.4972230000e-02 2.1316117778e-02 2.1591030000e-02 7.9733405650e-03 8.0822050000e-03 1.3932734066e-02 1.3836120000e-02 1.8229260391e-02 1.7991500000e-02
1.6200000000e+01 1.5218291808e-02 1.5421220000e-02 1.5375352672e-02 1.5569010000e-02 2.3174508038e-02 2.3490690000e-02 6.8099736927e-03 6.9169790000e-03 1.2731250232e-02 1.2727370000e-02 1.7282693469e-02 1.6918770000e-02
1.6400000000e+01 1.5656502606e-02 1.5861670000e-02 1.6029063069e-02 1.6215160000e-02 2.6968480910e-02 2.7326050000e-02 5.6498453072e-03 5.7145430000e-03 1.1473227527e-02 1.1527230000e-02 1.6249555226e-02 1.5794680000e-02
1.6600000000e+01 1.5928182208e-02 1.6124980000e-02 1.6957385247e-02 1.7136750000e-02 2.9610974804e-02 3.0022730000e-02 4.5505335809e-03 4.5518360000e-03 1.0189841545e-02 1.0250710000e-02 1.5157093921e-02 1.4635420000e-02
1.6800000000e+01 1.6006120522e-02 1.6178030000e-02 1.9269541178e-02 1.9518240000e-02 3.3810632063e-02 3.4321870000e-02 3.5520411787e-03 3.4871230000e-03 8.8973358924e-03 8.9372680000e-03 1.3997579541e-02 1.3442880000e-02
1.7000000000e+01 1.5844899755e-02 1.5962660000e-02 3.4397413978e-02 3.5017630000e-02 4.1203586410e-02 4.1725460000e-02 2.6639810813e-03 2.5548310000e-03 7.6151565906e-03 7.6200990000e-03 1.2774960469e-02 1.2260080000e-02
1.7200000000e+01 1.5415563577e-02 1.5437020000e-02 3.8434605007e-02 3.8679870000e-02 4.2900257368e-02 4.3383420000e-02 1.8776928746e-03 1.7477060000e-03 6.3476481175e-03 6.3348830000e-03 1.1498656247e-02 1.1088800000e-02
1.7400000000e+01 1.5857888423e-02 1.5829490000e-02 3.6392300597e-02 3.6457320000e-02 4.2489519649e-02 4.2791500000e-02 1.1692753688e-03 1.0464540000e-03 5.0774912017e-03 5.0675900000e-03 1.0213514381e-02 9.9489770000e-03
1.7600000000e+01 2.2204264272e-02 2.2668400000e-02 3.4638161723e-02 3.4652930000e-02 4.0324691929e-02 4.0344850000e-02 4.9598032439e-04 3.8473060000e-04 3.8049851739e-03 3.7748440000e-03 8.9666150651e-03 8.8619830000e-03
1.7800000000e+01 3.1193392082e-02 3.1172620000e-02 3.3452247014e-02 3.3393460000e-02 3.7652811790e-02 3.7560480000e-02 -1.8236797802e-04 -3.2799390000e-04 2.5456410894e-03 2.4633440000e-03 7.7661264994e-03 7.8306750000e-03
1.8000000000e+01 3.0916540526e-02 3.0755860000e-02 3.2510697511e-02 3.2356940000e-02 3.5392769040e-02 3.5193850000e-02 -9.0604207888e-04 -1.1598980000e-03 1.3167843175e-03 1.1877590000e-03 6.5695364989e-03 6.7799240000e-03
1.8200000000e+01 3.2735424425e-02 3.2957930000e-02 3.1330361487e-02 3.1059250000e-02 3.3187948223e-02 3.2874900000e-02 -1.7254486850e-03 -2.0864360000e-03 1.2656816654e-04 -1.0539270000e-05 5.3986710213e-03 5.7128560000e-03
1.8400000000e+01 3.5349201850e-02 3.5344200000e-02 2.9803559685e-02 2.9449550000e-02 3.0823439392e-02 3.0467920000e-02 -2.6679110195e-03 -3.0577860000e-03 -9.9792793754e-04 -1.1129130000e-03 4.2624091590e-03 4.6174380000e-03
1.8600000000e+01 3.5666476817e-02 3.5637440000e-02 2.8152245665e-02 2.7736070000e-02 2.8836011445e-02 2.8442790000e-02 -3.7318756639e-03 -4.0592830000e-03 -2.0307832296e-03 -2.1335150000e-03 3.1060848402e-03 3.4305950000e-03
1.8800000000e+01 3.4928795338e-02 3.4863890000e-02 2.6610101516e-02 2.6154710000e-02 2.7122044438e-02 2.6704220000e-02 -4.8880409529e-03 -5.0933750000e-03 -2.9532272171e-03 -3.0786700000e-03 1.8236875807e-03 2.0379230000e-03
1.9000000000e+01 3.3520670034e-02 3.3407470000e-02 2.7530815059e-02 2.7228250000e-02 2.5555105394e-02 2.5104400000e-02 -6.0831982813e-03 -6.1265210000e-03 -3.7815907783e-03 -3.9629260000e-03 6.0135260625e-04 8.0216520000e-04
1.9200000000e+01 3.1686862672e-02 3.1525220000e-02 2.9879062164e-02 2.9627980000e-02 2.3997920413e-02 2.3519970000e-02 -7.2648418925e-03 -7.1300720000e-03 -4.5527605017e-03 -4.8208290000e-03 3.8670538974e-03 4.5514840000e-03
1.9400000000e+01 2.9543627128e-02 2.9333550000e-02 2.8595441353e-02 2.8274200000e-02 2.2233670940e-02 2.1762380000e-02 -8.3965719856e-03 -8.1261100000e-03 -5.3447250093e-03 -5.6805130000e-03 6.5770542352e-03 6.6254620000e-03
1.9600000000e+01 2.7314962963e-02 2.7073280000e-02 2.5879711757e-02 2.5583370000e-02 2.0392425912e-02 1.9947160000e-02 -9.4454761151e-03 -9.1093670000e-03 -6.1422654800e-03 -6.4868780000e-03 4.4382534794e-03 4.3579710000e-03
1.9800000000e+01 2.5536136813e-02 2.5390720000e-02 2.3735680116e-02 2.3485630000e-02 1.9450659424e-02 1.9059840000e-02 -1.0393055746e-02 -1.0031890000e-02 -7.1053431577e-03 -7.4650830000e-03 1.7631740193e-03 1.6017070000e-03
2.0000000000e+01 2.5539120576e-02 2.5458080000e-02 2.1977400656e-02 2.1754350000e-02 1.9000228054e-02 1.8682190000e-02 -1.1249036378e-02 -1.0861420000e-02 -8.6624847698e-03 -8.9034980000e-03 -9.6240246032e-04 -1.1916110000e-03
2.0200000000e+01 2.5157013961e-02 2.4976290000e-02 2.0420431682e-02 2.0185970000e-02 1.8110914545e-02 1.7865060000e-02 -1.1955669295e-02 -1.1587550000e-02 -5.9241583432e-03 -5.0804690000e-03 -3.3540368588e-03 -3.6799590000e-03
2.0400000000e+01 2.3793523908e-02 2.3583080000e-02 1.8701458266e-02 1.8451720000e-02 1.6776776202e-02 1.6581740000e-02 -1.2488240464e-02 -1.2171680000e-02 -1.1142295946e-03 -8.4934780000e-04 -4.9441108853e-03 -5.2882220000e-03
2.0600000000e+01 2.2244086997e-02 2.2075200000e-02 1.7106081675e-02 1.6920550000e-02 1.5412614532e-02 1.5267500000e-02 -1.3056783228e-02 -1.2854230000e-02 -2.3417648478e-03 -2.1160020000e-03 -5.3384139869e-03 -5.7442510000e-03
2.0800000000e+01 2.0904138146e-02 2.0785510000e-02 1.6298158802e-02 1.6237340000e-02 1.4274262838e-02 1.4178170000e-02 -1.4171288254e-02 -1.4187630000e-02 -4.7640164416e-03 -4.5364510000e-03 -6.0293426777e-03 -6.5569510000e-03
2.1000000000e+01 1.9673937096e-02 1.9594010000e-02 1.6375881044e-02 1.6384040000e-02 1.3419690482e-02 1.3359570000e-02 -1.0085202524e-02 -9.7581290000e-03 -6.6061945339e-03 -6.3605130000e-03 -6.9329254363e-03 -7.6383960000e-03
2.1200000000e+01 1.8557079917e-02 1.8492840000e-02 1.6539807735e-02 1.6576960000e-02 1.2834602646e-02 1.2838510000e-02 -5.0070797849e-03 -5.6047690000e-03 -7.2670835625e-03 -6.8398860000e-03 -7.8947017361e-03 -8.6102560000e-03
2.1400000000e+01 1.7517886724e-02 1.7457350000e-02 1.6358922432e-02 1.6395200000e-02 1.2357973716e-02 1.2459730000e-02 -5.6171385141e-03 -6.7747430000e-03 -7.1256197164e-03 -6.7514510000e-03 -7.5110644097e-03 -8.2473780000e-03
2.1600000000e+01 1.6481291871e-02 1.6445650000e-02 1.6006884942e-02 1.6082520000e-02 1.1871727032e-02 1.2063040000e-02 -6.3645261097e-03 -8.0229180000e-03 -7.3035573387e-03 -6.7802280000e-03 -7.5191643488e-03 -8.2659040000e-03
2.1800000000e+01 1.5193623196e-02 1.5170480000e-02 1.5334304828e-02 1.5422730000e-02 1.1700188748e-02 1.1990530000e-02 -6.3811293172e-03 -8.2577840000e-03 -4.9798093045e-03 -4.1362070000e-03 -8.3783492306e-03 -9.0382890000e-03
2.2000000000e+01 1.3555465661e-02 1.3520780000e-02 1.4087008716e-02 1.4145590000e-02 1.1677567675e-02 1.1994760000e-02 -4.5437756957e-03 -6.3573780000e-03 -3.9717411587e-03 -3.5991110000e-03 -9.5055672611e-03 -9.9381110000e-03
2.2200000000e+01 1.1823252649e-02 1.1775940000e-02 1.2753418882e-02 1.2782720000e-02 1.1186486638e-02 1.1450700000e-02 -1.5540874012e-03 -2.5894970000e-03 -4.8065620348e-03 -4.7272380000e-03 -1.0415401750e-02 -1.0662730000e-02
2.2400000000e+01 1.0142168726e-02 1.0085300000e-02 1.1485444195e-02 1.1509670000e-02 1.0271854748e-02 1.0478200000e-02 4.0794175783e-03 4.3655910000e-03 -5.4534746822e-03 -5.7571210000e-03 -1.1245946762e-02 -1.1450930000e-02
2.2600000000e+01 8.5766090752e-03 8.5098640000e-03 1.0308570835e-02 1.0335830000e-02 9.0663434538e-03 9.2002660000e-03 5.8424657127e-03 6.7585920000e-03 -6.2684111129e-03 -7.2672970000e-03 -1.2622682269e-02 -1.2794970000e-02
2.2800000000e+01 7.1227274274e-03 7.0473300000e-03 9.2281039000e-03 9.2542810000e-03 7.7029131126e-03 7.7958640000e-03 3.4547579614e-03 4.8821550000e-03 -7.0618666222e-03 -8.7966700000e-03 -1.4242809488e-02 -1.4262480000e-02
2.3000000000e+01 5.7521709186e-03 5.6653570000e-03 8.2197492540e-03 8.2364140000e-03 6.3662703766e-03 6.4366490000e-03 1.0641534075e-03 3.1345530000e-03 -7.5622942000e-03 -1.0090460000e-02 -1.5914305500e-02 -1.5763100000e-02
2.3200000000e+01 4.4440724019e-03 4.3467810000e-03 7.2707217317e-03 7.2703120000e-03 5.0968908585e-03 5.1580520000e-03 4.8177733398e-04 3.0609880000e-03 -7.6338698670e-03 -1.0923260000e-02 -1.7606647686e-02 -1.7292300000e-02
2.3400000000e+01 3.1879462085e-03 3.0829920000e-03 6.3905176124e-03 6.3769040000e-03 3.8891067784e-03 3.9432620000e-03 1.1265213187e-03 2.8503450000e-03 -6.7674350885e-03 -1.0034150000e-02 -1.9389039727e-02 -1.8917360000e-02
2.3600000000e+01 1.9678880718e-03 1.8580020000e-03 5.5786685565e-03 5.5536550000e-03 2.7836859894e-03 2.8548290000e-03 7.9153028656e-04 1.7053910000e-03 -5.5632340529e-03 -6.4855060000e-03 -2.1226722474e-02 -2.0625580000e-02
2.3800000000e+01 7.7998086077e-04 6.6664990000e-04 4.8383814272e-03 4.7982880000e-03 1.8233085322e-03 1.9089770000e-03 -7.8436954109e-04 -1.0295520000e-03 -6.1934033745e-03 -5.6178340000e-03 -2.3058968340e-02 -2.2338760000e-02
2.4000000000e+01 -3.7341844375e-04 -4.8872400000e-04 4.1670086190e-03 4.1147540000e-03 9.3564647393e-04 1.0287510000e-03 -4.2186655450e-03 -4.9735740000e-03 -7.6508615136e-03 -6.1724250000e-03 -2.4927579477e-02 -2.4093790000e-02
2.4200000000e+01 -1.4998317451e-03 -1.6241730000e-03 3.5538608595e-03 3.4964010000e-03 9.8383599747e-05 1.8715130000e-04 -6.1015250016e-03 -6.9243980000e-03 -9.4391290834e-03 -6.9301860000e-03 -2.6739734204e-02 -2.5914850000e-02
2.4400000000e+01 -2.6232953212e-03 -2.7558760000e-03 2.9846859187e-03 2.9330280000e-03 -6.7375665462e-04 -6.0156120000e-04 -6.9955627957e-03 -7.9296710000e-03 -1.0031667066e-02 -7.2908080000e-03 -2.8550058583e-02 -2.7709570000e-02
2.4600000000e+01 -3.7188797580e-03 -3.8534690000e-03 2.4406168253e-03 2.3951500000e-03 -1.4097694153e-03 -1.3599280000e-03 -6.6432265777e-03 -7.7642290000e-03 -9.8217879494e-03 -7.9077750000e-03 -3.0146500484e-02 -2.9558700000e-02
2.4800000000e+01 -4.7600619048e-03 -4.8937010000e-03 1.9087133944e-03 1.8678080000e-03 -2.1174457180e-03 -2.0906590000e-03 -5.9742108847e-03 -6.9692070000e-03 -1.0384229803e-02 -9.3739860000e-03 -3.0992285807e-02 -3.1350360000e-02
2.5000000000e+01 -5.7349441227e-03 -5.8621770000e-03 1.4055101294e-03 1.3719880000e-03 -2.7623705958e-03 -2.7543230000e-03 -4.5645510703e-03 -5.0249420000e-03 -1.1874250559e-02 -1.1609910000e-02 -2.8873633539e-02 -3.2475530000e-02
2.5200000000e+01 -6.6217412869e-03 -6.7422280000e-03 9.4956423519e-04 9.2499710000e-04 -3.2803133614e-03 -3.2843360000e-03 -2.4422425792e-03 -2.6349850000e-03 -1.3713999755e-02 -1.3953570000e-02 -2.5760391420e-02 -2.9119630000e-02
2.5400000000e+01 -7.4172126802e-03 -7.5242200000e-03 5.4203839584e-04 5.1832380000e-04 -3.6742180747e-03 -3.6844230000e-03 -1.0762307171e-03 -1.2402990000e-03 -1.4627242921e-02 -1.5137180000e-02 -2.4135242969e-02 -2.4737060000e-02
2.5600000000e+01 -8.0719699633e-03 -8.1560650000e-03 1.6424679025e-04 1.3701950000e-04 -3.9824594608e-03 -3.9929240000e-03 -1.4924522082e-03 -1.5055360000e-03 -1.3712387360e-02 -1.4573590000e-02 -2.2927898126e-02 -2.1798350000e-02
2.5800000000e+01 -8.6005707356e-03 -8.6716790000e-03 -1.9289081121e-04 -2.2292140000e-04 -4.2075616383e-03 -4.2182990000e-03 -3.1789381076e-03 -3.2197990000e-03 -1.1143637315e-02 -1.2057980000e-02 -2.0969141787e-02 -1.9504980000e-02
2.6000000000e+01 -9.0749389656e-03 -9.1363020000e-03 -5.2243845573e-04 -5.5211250000e-04 -4.3832204942e-03 -4.3934660000e-03 -5.0237703797e-03 -4.9185360000e-03 -8.5736323780e-03 -9.1747470000e-03 -1.8589559298e-02 -1.7687440000e-02
2.6200000000e+01 -9.4780754451e-03 -9.5270590000e-03 -8.1424886761e-04 -8.4288480000e-04 -4.5240517897e-03 -4.5329890000e-03 -5.8041442733e-03 -5.5688030000e-03 -7.5591996672e-03 -7.8041260000e-03 -1.6522962367e-02 -1.6173410000e-02
2.6400000000e+01 -9.8220880924e-03 -9.8600500000e-03 -1.0707396617e-03 -1.0988070000e-03 -4.6440649503e-03 -4.6523630000e-03 -5.5519351227e-03 -5.3339410000e-03 -8.3067746525e-03 -8.3679650000e-03 -1.4758651254e-02 -1.4362210000e-02
2.6600000000e+01 -1.0116980955e-02 -1.0144190000e-02 -1.2947778661e-03 -1.3184870000e-03 -4.7471328913e-03 -4.7549350000e-03 -5.1174057218e-03 -4.7081550000e-03 -1.0128905977e-02 -1.0000920000e-02 -1.2499847912e-02 -1.1676630000e-02
2.6800000000e+01 -1.0382567022e-02 -1.0405350000e-02 -1.4847669966e-03 -1.5046770000e-03 -4.8331716223e-03 -4.8400040000e-03 -4.7937218068e-03 -4.3106530000e-03 -1.1540128355e-02 -1.1556400000e-02 -9.6959611235e-03 -8.7251540000e-03
2.7000000000e+01 -1.0639855593e-02 -1.0660900000e-02 -1.6405635602e-03 -1.6560440000e-03 -4.9047679079e-03 -4.9109290000e-03 -4.4394530737e-03 -4.1236550000e-03 -1.1906228582e-02 -1.2113470000e-02 -6.5424540711e-03 -5.8302740000e-03
2.7200000000e+01 -1.0896039246e-02 -1.0918020000e-02 -1.7658823548e-03 -1.7781520000e-03 -4.9649785120e-03 -4.9705760000e-03 -4.2205281766e-03 -3.8428310000e-03 -1.1311498870e-02 -1.1317020000e-02 -4.6153982120e-03 -4.6105520000e-03
2.7400000000e+01 -1.1149889617e-02 -1.1173390000e-02 -1.8645333021e-03 -1.8734640000e-03 -5.0175435121e-03 -5.0228360000e-03 -4.3034983953e-03 -3.8005540000e-03 -1.0222819379e-02 -9.9627460000e-03 -4.3269423699e-03 -4.8203360000e-03
2.7600000000e+01 -1.1394067621e-02 -1.1418200000e-02 -1.9438533851e-03 -1.9505500000e-03 -5.0619679585e-03 -5.0662400000e-03 -4.1842459384e-03 -4.0646500000e-03 -8.9190331618e-03 -8.5420400000e-03 -5.0039119630e-03 -5.8176200000e-03
2.7800000000e+01 -1.1620869188e-02 -1.1644360000e-02 -2.0083083592e-03 -2.0128710000e-03 -5.0988763718e-03 -5.1027490000e-03 -3.6254011730e-03 -4.0151410000e-03 -7.7902613901e-03 -7.3023110000e-03 -5.7372221633e-03 -6.9379520000e-03
2.8000000000e+01 -1.1817617789e-02 -1.1837950000e-02 -2.0608990189e-03 -2.0645860000e-03 -5.1301110972e-03 -5.1337930000e-03 -3.0574108550e-03 -3.6209630000e-03 -7.0049222131e-03 -6.5513590000e-03 -6.1232044857e-03 -7.2178440000e-03
2.8200000000e+01 -1.1957930536e-02 -1.1974520000e-02 -2.1047069302e-03 -2.1072320000e-03 -5.1570479319e-03 -5.1598210000e-03 -2.1790414169e-03 -2.7950380000e-03 -6.2212044602e-03 -6.0100550000e-03 -6.0158328420e-03 -6.8052340000e-03
2.8400000000e+01 -1.2086373006e-02 -1.2100200000e-02 -2.1422712527e-03 -2.1444000000e-03 -5.1803474204e-03 -5.1829340000e-03 -1.0989304579e-03 -1.6269890000e-03 -5.1675732842e-03 -5.1205210000e-03 -5.7596577907e-03 -6.1163270000e-03
2.8600000000e+01 -1.2183776722e-02 -1.2193660000e-02 -2.1751685591e-03 -2.1770470000e-03 -5.2006184449e-03 -5.2030470000e-03 -4.8998697056e-04 -8.6572770000e-04 -3.6329620643e-03 -3.3078340000e-03 -5.6519541848e-03 -5.6485320000e-03
2.8800000000e+01 -1.2255841878e-02 -1.2263700000e-02 -2.2039363748e-03 -2.2056200000e-03 -5.2182785159e-03 -5.2205400000e-03 -3.6421817993e-04 -5.7041920000e-04 -2.0359236027e-03 -1.4562760000e-03 -5.5821149854e-03 -5.4982790000e-03
2.9000000000e+01 -1.2311316472e-02 -1.2317150000e-02 -2.2305141219e-03 -2.2320730000e-03 -5.2337275858e-03 -5.2355360000e-03 -8.4677957722e-05 -8.9647430000e-05 -1.1891466769e-03 -7.5353630000e-04 -5.2555085023e-03 -5.1713010000e-03
2.9200000000e+01 -1.2354637767e-02 -1.2359610000e-02 -2.2552948418e-03 -2.2570760000e-03 -5.2473228966e-03 -5.2495380000e-03 2.6662161760e-04 5.2528320000e-04 -9.7223112176e-04 -1.0099110000e-03 -4.5877731609e-03 -4.4412060000e-03
2.9400000000e+01 -1.2394133639e-02 -1.2399190000e-02 -2.2782818503e-03 -2.2800950000e-03 -5.2593725740e-03 -5.2605470000e-03 5.9152594461e-04 1.0243440000e-03 -6.6464619627e-04 -1.1423580000e-03 -3.0955753573e-03 -2.7341300000e-03
2.9600000000e+01 -1.2431648188e-02 -1.2436660000e-02 -2.2994564379e-03 -2.3011090000e-03 -5.2701204135e-03 -5.2715540000e-03 1.0048800510e-03 1.5011720000e-03 -1.6524714650e-04 -9.6547940000e-04 -9.5797570241e-04 -6.3008220000e-04
2.9800000000e+01 -1.2465046950e-02 -1.2469100000e-02 -2.3189046833e-03 -2.3201010000e-03 -5.2797412026e-03 -5.2810000000e-03 1.5865864876e-03 1.8815630000e-03 4.6026640568e-04 -3.7745760000e-04 6.8688703603e-04 8.3380150000e-04
