# epoch total_loss train_loss test_loss first_derivative second_derivative amplitude gradient_norm learning_rate elapsed_seconds
1.0000000000e+00 1.0960272131e-04 1.0960272131e-04 1.6156851266e-04 0.0000000000e+00 0.0000000000e+00 0.0000000000e+00 1.1679141800e-04 2.0000000000e-02 8.3810222021e+01
2.0000000000e+00 1.0263426748e-04 1.0263426683e-04 1.4789624555e-04 4.1636732424e-10 1.7107768369e-11 6.5521419372e-08 1.0954923264e-04 2.0000000000e-02 8.2863062465e+01
3.0000000000e+00 9.6435686730e-05 9.6435684172e-05 1.3688780964e-04 1.6241315588e-09 6.7664732874e-11 2.5687213073e-07 1.0479706999e-04 2.0000000000e-02 8.3115528333e+01
4.0000000000e+00 9.0777802825e-05 9.0777797219e-05 1.2778826760e-04 3.5491523466e-09 1.4935520737e-10 5.6381939038e-07 1.0139226411e-04 2.0000000000e-02 8.4024695739e+01
5.0000000000e+00 8.5498077656e-05 8.5498067984e-05 1.2018465130e-04 6.1120614099e-09 2.5846614852e-10 9.7525901324e-07 9.8230424702e-05 2.0000000000e-02 8.3953198656e+01
6.0000000000e+00 8.0556624655e-05 8.0556610050e-05 1.1343358654e-04 9.2289217117e-09 3.8976738479e-10 1.4790729080e-06 9.4517469497e-05 2.0000000000e-02 8.4245779740e+01
7.0000000000e+00 7.5930896788e-05 7.5930876528e-05 1.0711284186e-04 1.2823091498e-08 5.3740555801e-10 2.0630392190e-06 9.0523395575e-05 2.0000000000e-02 8.4483757948e+01
8.0000000000e+00 7.1628132031e-05 7.1628105497e-05 1.0106053779e-04 1.6849219252e-08 6.9677109551e-10 2.7169173079e-06 8.6287949781e-05 2.0000000000e-02 8.3404097858e+01
9.0000000000e+00 6.7640124005e-05 6.7640090645e-05 9.5277798186e-05 2.1276529594e-08 8.6532036947e-10 3.4306584358e-06 8.2739542126e-05 2.0000000000e-02 8.4824486689e+01
1.0000000000e+01 6.3879309391e-05 6.3879268688e-05 8.9780809366e-05 2.6083976236e-08 1.0424740928e-09 4.1948506251e-06 8.0268639018e-05 2.0000000000e-02 8.4325053021e+01
1.1000000000e+01 6.0294236908e-05 6.0294188368e-05 8.4614771344e-05 3.1250604942e-08 1.2288032130e-09 5.0008365476e-06 7.8122044502e-05 2.0000000000e-02 8.4623203072e+01
1.2000000000e+01 5.6850251653e-05 5.6850194806e-05 7.9810336675e-05 3.6757259821e-08 1.4247033608e-09 5.8424189859e-06 7.5874879188e-05 2.0000000000e-02 8.4438299367e+01
1.3000000000e+01 5.3537442192e-05 5.3537376569e-05 7.5327727778e-05 4.2598341815e-08 1.6309619917e-09 6.7154445362e-06 7.3637798290e-05 2.0000000000e-02 8.3955767421e+01
1.4000000000e+01 5.0349890383e-05 5.0349815500e-05 7.1108316535e-05 4.8774617317e-08 1.8490819566e-09 7.6177165892e-06 7.1277749067e-05 2.0000000000e-02 8.4080193819e+01
1.5000000000e+01 4.7299211257e-05 4.7299126624e-05 6.7093126746e-05 5.5289760882e-08 2.0795265119e-09 8.5478959606e-06 6.8549439219e-05 2.0000000000e-02 8.4687254617e+01
1.6000000000e+01 4.4421648842e-05 4.4421553980e-05 6.3246258533e-05 6.2139403552e-08 2.3218338132e-09 9.5049673554e-06 6.5523943349e-05 2.0000000000e-02 8.4306366855e+01
1.7000000000e+01 4.1700651207e-05 4.1700545660e-05 5.9538615223e-05 6.9309079780e-08 2.5750600543e-09 1.0487063949e-05 6.2957792147e-05 2.0000000000e-02 8.4370889741e+01
1.8000000000e+01 3.9129997876e-05 3.9129881222e-05 5.5945487839e-05 7.6782702694e-08 2.8378698115e-09 1.1492031829e-05 6.0837625113e-05 2.0000000000e-02 8.4190733398e+01
1.9000000000e+01 3.6650612827e-05 3.6650484659e-05 5.2449475987e-05 8.4556265128e-08 3.1094680155e-09 1.2517487068e-05 5.9227812015e-05 2.0000000000e-02 8.4627743782e+01
2.0000000000e+01 3.4300369755e-05 3.4300229677e-05 4.9047083657e-05 9.2630800042e-08 3.3885519751e-09 1.3561102324e-05 5.6631227596e-05 2.0000000000e-02 8.4810502968e+01
2.1000000000e+01 3.2064081524e-05 3.2063929200e-05 4.5736650192e-05 1.0098298574e-07 3.6722093277e-09 1.4619496084e-05 5.4630878213e-05 2.0000000000e-02 8.4819050894e+01
2.2000000000e+01 2.9935007142e-05 2.9934842260e-05 4.2502814535e-05 1.0961339175e-07 3.9579366549e-09 1.5689033776e-05 5.2379812918e-05 2.0000000000e-02 8.5202946630e+01
2.3000000000e+01 2.7911178715e-05 2.7911001047e-05 3.9336219553e-05 1.1849097965e-07 4.2410161928e-09 1.6766517122e-05 5.0276016973e-05 2.0000000000e-02 8.4914722250e+01
2.4000000000e+01 2.6010398492e-05 2.6010207888e-05 3.6248717030e-05 1.2759223075e-07 4.5163770640e-09 1.7848440228e-05 4.7391655529e-05 2.0000000000e-02 8.4765890899e+01
2.5000000000e+01 2.4249453315e-05 2.4249249751e-05 3.3296358245e-05 1.3685743805e-07 4.7774724465e-09 1.8931232954e-05 4.4608371793e-05 2.0000000000e-02 8.5504711010e+01
2.6000000000e+01 2.2631827932e-05 2.2631611523e-05 3.0479749724e-05 1.4621820221e-07 5.0180284824e-09 2.0010861236e-05 4.2173729491e-05 2.0000000000e-02 8.5969280148e+01
2.7000000000e+01 2.1126759127e-05 2.1126530138e-05 2.7829726025e-05 1.5558814176e-07 5.2316196331e-09 2.1084177696e-05 4.0369382176e-05 2.0000000000e-02 8.6861206289e+01
2.8000000000e+01 1.9723759406e-05 1.9723518202e-05 2.5359185088e-05 1.6490383433e-07 5.4151234965e-09 2.2148510657e-05 3.8607109366e-05 2.0000000000e-02 8.5527622572e+01
2.9000000000e+01 1.8423421985e-05 1.8423169007e-05 2.3078508099e-05 1.7409788487e-07 5.5677837464e-09 2.3202102651e-05 3.7056404250e-05 2.0000000000e-02 8.7204145022e+01
3.0000000000e+01 1.7204272382e-05 1.7204008124e-05 2.1004276182e-05 1.8311122556e-07 5.6903244169e-09 2.4243214700e-05 3.5560780183e-05 2.0000000000e-02 8.5297212443e+01
3.1000000000e+01 1.6060623449e-05 1.6060348416e-05 1.9136437825e-05 1.9190765804e-07 5.7855443889e-09 2.5269823983e-05 3.4066417393e-05 2.0000000000e-02 8.5901769101e+01
3.2000000000e+01 1.4990100491e-05 1.4989815166e-05 1.7432492119e-05 2.0046910610e-07 5.8576376656e-09 2.6279740709e-05 3.2468131912e-05 2.0000000000e-02 8.5911622222e+01
3.3000000000e+01 1.4005189552e-05 1.4004894389e-05 1.5878682196e-05 2.0877634485e-07 5.9116261140e-09 2.7270702897e-05 3.0679533995e-05 2.0000000000e-02 8.5214188699e+01
3.4000000000e+01 1.3102834225e-05 1.3102529680e-05 1.4471983415e-05 2.1679333209e-07 5.9511968840e-09 2.8239695749e-05 2.9184912921e-05 2.0000000000e-02 8.5618226739e+01
3.5000000000e+01 1.2271221249e-05 1.2270907785e-05 1.3204444035e-05 2.2449336555e-07 5.9785952308e-09 2.9184312401e-05 2.7472101586e-05 2.0000000000e-02 8.4731287210e+01
3.6000000000e+01 1.1507587526e-05 1.1507265588e-05 1.2065753007e-05 2.3187166779e-07 5.9965537444e-09 3.0101648200e-05 2.5988974581e-05 2.0000000000e-02 8.5474795004e+01
3.7000000000e+01 1.0810974349e-05 1.0810644372e-05 1.1051283758e-05 2.3891927056e-07 6.0067718749e-09 3.0989657455e-05 2.4400581974e-05 2.0000000000e-02 8.5940685676e+01
3.8000000000e+01 1.0186777352e-05 1.0186439802e-05 1.0153783976e-05 2.4560286281e-07 6.0102199932e-09 3.1845295997e-05 2.2657043088e-05 2.0000000000e-02 8.6376800695e+01
3.9000000000e+01 9.6296658137e-06 9.6293211575e-06 9.3625307281e-06 2.5190868739e-07 6.0083092722e-09 3.2664453367e-05 2.1026829199e-05 2.0000000000e-02 8.4725940500e+01
4.0000000000e+01 9.1319938137e-06 9.1316425313e-06 8.6658291820e-06 2.5781974274e-07 6.0019755721e-09 3.3442892018e-05 1.9560500420e-05 2.0000000000e-02 8.3855596265e+01
4.1000000000e+01 8.6817621213e-06 8.6814046979e-06 8.0502780401e-06 2.6332768829e-07 5.9918461126e-09 3.4177187387e-05 1.8405796671e-05 2.0000000000e-02 8.4995115722e+01
4.2000000000e+01 8.2711821132e-06 8.2708190392e-06 7.5057159633e-06 2.6842536608e-07 5.9783496228e-09 3.4865165207e-05 1.7307422384e-05 2.0000000000e-02 8.3511243127e+01
4.3000000000e+01 7.8948748634e-06 7.8945066216e-06 7.0202813085e-06 2.7311691402e-07 5.9619971983e-09 3.5504845449e-05 1.6337737283e-05 2.0000000000e-02 8.4703338930e+01
4.4000000000e+01 7.5448228941e-06 7.5444499623e-06 6.5852946115e-06 2.7740398935e-07 5.9432223224e-09 3.6095526196e-05 1.5542471816e-05 2.0000000000e-02 8.3370978767e+01
4.5000000000e+01 7.2166502077e-06 7.2162730450e-06 6.1930792180e-06 2.8130006331e-07 5.9225220236e-09 3.6637435637e-05 1.4822562709e-05 2.0000000000e-02 8.4281516923e+01
4.6000000000e+01 6.9079359792e-06 6.9075550036e-06 5.8355308746e-06 2.8483645178e-07 5.9007627903e-09 3.7131462934e-05 1.4105269198e-05 2.0000000000e-02 8.3331818728e+01
4.7000000000e+01 6.6172487253e-06 6.6168643742e-06 5.5090990796e-06 2.8800028421e-07 5.8772769086e-09 3.7577998327e-05 1.3471692491e-05 2.0000000000e-02 8.3541658703e+01
4.8000000000e+01 6.3420031729e-06 6.3416158800e-06 5.2075954124e-06 2.9079799517e-07 5.8516743546e-09 3.7978107547e-05 1.2874864343e-05 2.0000000000e-02 8.3829784503e+01
4.9000000000e+01 6.0806105171e-06 6.0802207224e-06 4.9273027140e-06 2.9322892502e-07 5.8232383222e-09 3.8333355634e-05 1.2341067319e-05 2.0000000000e-02 8.3937475704e+01
5.0000000000e+01 5.8298058603e-06 5.8294139926e-06 4.6646483009e-06 2.9530563909e-07 5.7916433520e-09 3.8645632117e-05 1.1854743675e-05 2.0000000000e-02 8.3593349487e+01
5.1000000000e+01 5.5875271272e-06 5.5871335873e-06 4.4172161774e-06 2.9705266936e-07 5.7569555506e-09 3.8917605779e-05 1.1442843407e-05 2.0000000000e-02 8.4179030368e+01
5.2000000000e+01 5.3539569418e-06 5.3535620963e-06 4.1842582135e-06 2.9849954884e-07 5.7193852845e-09 3.9152177963e-05 1.1026077370e-05 2.0000000000e-02 8.3304665809e+01
5.3000000000e+01 5.1283131366e-06 5.1279173191e-06 3.9632553016e-06 2.9967240908e-07 5.6792273809e-09 3.9352806339e-05 1.0638311951e-05 2.0000000000e-02 8.3154704517e+01
5.4000000000e+01 4.9098729220e-06 4.9094764098e-06 3.7546772961e-06 3.0061568118e-07 5.6373094592e-09 3.9523385571e-05 1.0268203521e-05 2.0000000000e-02 8.2877313636e+01
5.5000000000e+01 4.6990479129e-06 4.6986509344e-06 3.5574995892e-06 3.0136865591e-07 5.5942793916e-09 3.9667087716e-05 9.9764621064e-06 2.0000000000e-02 8.2437053330e+01
5.6000000000e+01 4.4947262837e-06 4.4943290233e-06 3.3715728700e-06 3.0196595686e-07 5.5507580990e-09 3.9786856716e-05 9.6604736665e-06 2.0000000000e-02 8.2648482723e+01
5.7000000000e+01 4.2976554807e-06 4.2972580809e-06 3.1961783132e-06 3.0244004957e-07 5.5073989660e-09 3.9885775968e-05 9.3255909841e-06 2.0000000000e-02 8.2508011799e+01
5.8000000000e+01 4.1094224612e-06 4.1090250160e-06 3.0322406678e-06 3.0282717792e-07 5.4651085648e-09 3.9966880566e-05 8.9807587464e-06 2.0000000000e-02 8.2204176914e+01
5.9000000000e+01 3.9301225400e-06 3.9297250940e-06 2.8807908952e-06 3.0316522470e-07 5.4248166880e-09 4.0032663780e-05 8.6603100513e-06 2.0000000000e-02 8.2225991478e+01
6.0000000000e+01 3.7595994013e-06 3.7592019553e-06 2.7406238454e-06 3.0348772014e-07 5.3872875395e-09 4.0085398387e-05 8.4339063715e-06 2.0000000000e-02 8.2061968219e+01
6.1000000000e+01 3.5965806504e-06 3.5961831773e-06 2.6096984513e-06 3.0381579758e-07 5.3530611043e-09 4.0126666204e-05 8.2280602316e-06 2.0000000000e-02 8.2026001286e+01
6.2000000000e+01 3.4407568010e-06 3.4403592616e-06 2.4868828757e-06 3.0415795935e-07 5.3223636223e-09 4.0157768307e-05 8.0549744904e-06 2.0000000000e-02 8.1785502973e+01
6.3000000000e+01 3.2913640157e-06 3.2909663603e-06 2.3695489553e-06 3.0452154482e-07 5.2953873391e-09 4.0180006927e-05 7.8913927528e-06 2.0000000000e-02 8.1687738160e+01
6.4000000000e+01 3.1480668981e-06 3.1476690716e-06 2.2566792712e-06 3.0490919389e-07 5.2722898218e-09 4.0194445098e-05 7.7025522617e-06 2.0000000000e-02 8.1698728708e+01
6.5000000000e+01 3.0106553780e-06 3.0102573229e-06 2.1471855145e-06 3.0532050156e-07 5.2532087135e-09 4.0202482064e-05 7.4997558224e-06 2.0000000000e-02 8.1480119651e+01
6.6000000000e+01 2.8788600379e-06 2.8784616996e-06 2.0407627457e-06 3.0575122129e-07 5.2381574778e-09 4.0205525280e-05 7.3108824420e-06 2.0000000000e-02 8.1445068954e+01
6.7000000000e+01 2.7523052319e-06 2.7519065705e-06 1.9377341480e-06 3.0618925671e-07 5.2267427901e-09 4.0204785082e-05 7.1388451431e-06 2.0000000000e-02 8.1122588584e+01
6.8000000000e+01 2.6314122270e-06 2.6310132129e-06 1.8372401477e-06 3.0662609332e-07 5.2186647398e-09 4.0201408171e-05 6.9161079297e-06 2.0000000000e-02 8.1584624602e+01
6.9000000000e+01 2.5150753819e-06 2.5146760079e-06 1.7413751441e-06 3.0704401616e-07 5.2133479294e-09 4.0196510770e-05 6.7844257128e-06 2.0000000000e-02 8.1538381353e+01
7.0000000000e+01 2.4030945917e-06 2.4026948617e-06 1.6476182359e-06 3.0743503785e-07 5.2104355284e-09 4.0190581875e-05 6.6190441765e-06 2.0000000000e-02 8.1564790217e+01
7.1000000000e+01 2.2959603656e-06 2.2955603043e-06 1.5576626323e-06 3.0778374158e-07 5.2092908009e-09 4.0184680323e-05 6.4797556489e-06 2.0000000000e-02 8.1619279174e+01
7.2000000000e+01 2.1929543056e-06 2.1925539469e-06 1.4714203604e-06 3.0808443796e-07 5.2095112046e-09 4.0179199346e-05 6.3491503804e-06 2.0000000000e-02 8.1526352537e+01
7.3000000000e+01 2.0937427233e-06 2.0933421122e-06 1.3890437090e-06 3.0833026858e-07 5.2106779618e-09 4.0174048906e-05 6.2245898904e-06 2.0000000000e-02 8.1582572043e+01
7.4000000000e+01 1.9984258644e-06 1.9980250510e-06 1.3099304599e-06 3.0851966650e-07 5.2124570822e-09 4.0169142448e-05 6.1031051131e-06 2.0000000000e-02 8.0755508187e+01
7.5000000000e+01 1.9074151990e-06 1.9070142361e-06 1.2342590494e-06 3.0865338762e-07 5.2145362599e-09 4.0164133971e-05 5.9578157075e-06 2.0000000000e-02 8.1418185674e+01
7.6000000000e+01 1.8204236786e-06 1.8200226208e-06 1.1625341387e-06 3.0873350238e-07 5.2165172110e-09 4.0159146271e-05 5.8286745219e-06 2.0000000000e-02 8.1591210975e+01
7.7000000000e+01 1.7374538786e-06 1.7370527765e-06 1.0949695251e-06 3.0876673731e-07 5.2181429178e-09 4.0153875535e-05 5.6886118318e-06 2.0000000000e-02 8.1621395768e+01
7.8000000000e+01 1.6584448620e-06 1.6580437633e-06 1.0309917573e-06 3.0875897767e-07 5.2191705912e-09 4.0148038239e-05 5.5487253728e-06 2.0000000000e-02 8.1601789153e+01
7.9000000000e+01 1.5829284299e-06 1.5825273771e-06 9.7047443874e-07 3.0871739491e-07 5.2194190766e-09 4.0141232133e-05 5.4115705080e-06 2.0000000000e-02 8.1660872862e+01
8.0000000000e+01 1.5115414029e-06 1.5111404314e-06 9.1302224258e-07 3.0865002205e-07 5.2188339963e-09 4.0133155922e-05 5.2553074127e-06 2.0000000000e-02 8.1373448472e+01
8.1000000000e+01 1.4440880431e-06 1.4436871766e-06 8.5839546822e-07 3.0856801878e-07 5.2174699723e-09 4.0123814140e-05 5.1035997660e-06 2.0000000000e-02 8.1818321735e+01
8.2000000000e+01 1.3800664649e-06 1.3796657207e-06 8.0652289055e-07 3.0847721593e-07 5.2153799467e-09 4.0113198808e-05 4.9551865863e-06 2.0000000000e-02 8.1380267935e+01
8.3000000000e+01 1.3195501280e-06 1.3191495098e-06 7.5724198330e-07 3.0838791887e-07 5.2128876583e-09 4.0101359539e-05 4.8153679726e-06 2.0000000000e-02 8.1304983752e+01
8.4000000000e+01 1.2626833032e-06 1.2622828028e-06 7.1045089681e-07 3.0830818688e-07 5.2103631980e-09 4.0088635566e-05 4.6678939823e-06 2.0000000000e-02 8.1441388767e+01
8.5000000000e+01 1.2089262085e-06 1.2085258038e-06 6.6629762914e-07 3.0824673240e-07 5.2082309045e-09 4.0075590796e-05 4.5402611045e-06 2.0000000000e-02 8.1243841659e+01
8.6000000000e+01 1.1581042566e-06 1.1577039121e-06 6.2461769747e-07 3.0821111712e-07 5.2070850512e-09 4.0062486967e-05 4.4149377700e-06 2.0000000000e-02 8.1363346093e+01
8.7000000000e+01 1.1101643799e-06 1.1097640509e-06 5.8547523913e-07 3.0820474036e-07 5.2074299517e-09 4.0049952583e-05 4.2843663661e-06 2.0000000000e-02 8.1128328989e+01
8.8000000000e+01 1.0649585826e-06 1.0645582120e-06 5.4902977271e-07 3.0823342398e-07 5.2098630667e-09 4.0038506214e-05 4.1613901659e-06 2.0000000000e-02 8.1038097763e+01
8.9000000000e+01 1.0223478791e-06 1.0219473981e-06 5.1515082804e-07 3.0830238714e-07 5.2149830894e-09 4.0028786863e-05 4.0364424848e-06 2.0000000000e-02 8.1178165187e+01
9.0000000000e+01 9.8194720170e-07 9.8154652897e-07 4.8377745114e-07 3.0841711840e-07 5.2234433772e-09 4.0021180211e-05 3.9098307447e-06 2.0000000000e-02 8.1243080835e+01
9.1000000000e+01 9.4377188099e-07 9.4337092332e-07 4.5460908015e-07 3.0858298043e-07 5.2358782455e-09 4.0015906710e-05 3.7790647937e-06 2.0000000000e-02 8.1171060553e+01
9.2000000000e+01 9.0772029342e-07 9.0731894842e-07 4.2712168143e-07 3.0880348490e-07 5.2528422738e-09 4.0013093130e-05 3.6502331946e-06 2.0000000000e-02 8.1198284337e+01
9.3000000000e+01 8.7364819793e-07 8.7324635270e-07 4.0137950564e-07 3.0908366050e-07 5.2748655545e-09 4.0012910373e-05 3.5295139558e-06 2.0000000000e-02 8.1661126442e+01
9.4000000000e+01 8.4137726753e-07 8.4097480055e-07 3.7732765513e-07 3.0942748994e-07 5.3024067162e-09 4.0015415544e-05 3.4134319081e-06 2.0000000000e-02 8.1046358107e+01
9.5000000000e+01 8.1077272563e-07 8.1036950999e-07 3.5483648378e-07 3.0983693056e-07 5.3358153600e-09 4.0020559408e-05 3.2916966223e-06 2.0000000000e-02 8.1200925661e+01
9.6000000000e+01 7.8175946553e-07 7.8135537275e-07 3.3378886959e-07 3.1031133506e-07 5.3753137749e-09 4.0028302468e-05 3.1850537089e-06 2.0000000000e-02 8.1395667662e+01
9.7000000000e+01 7.5419680124e-07 7.5379170023e-07 3.1400490102e-07 3.1085160336e-07 5.4210886592e-09 4.0038512706e-05 3.0877966158e-06 2.0000000000e-02 8.1150502271e+01
9.8000000000e+01 7.2796373330e-07 7.2755749221e-07 2.9529752515e-07 3.1145751687e-07 5.4732646620e-09 4.0050925201e-05 2.9895900959e-06 2.0000000000e-02 8.1674890482e+01
9.9000000000e+01 7.0297515523e-07 7.0256764473e-07 2.7762363421e-07 3.1212698153e-07 5.5317969951e-09 4.0065549584e-05 2.8976801644e-06 2.0000000000e-02 8.1402062565e+01
1.0000000000e+02 6.7916379039e-07 6.7875488628e-07 2.6099613780e-07 3.1285630075e-07 5.5965587033e-09 4.0082228557e-05 2.8109882633e-06 2.0000000000e-02 8.1108719257e+01
1.0100000000e+02 6.5645626920e-07 6.5604585265e-07 2.4536017756e-07 3.1364181194e-07 5.6673825227e-09 4.0100910389e-05 2.7267043810e-06 2.0000000000e-02 8.1446634563e+01
1.0200000000e+02 6.3478683833e-07 6.3437479789e-07 2.3069236344e-07 3.1447875668e-07 5.7440133139e-09 4.0121555118e-05 2.6503646473e-06 2.0000000000e-02 8.0993161578e+01
1.0300000000e+02 6.1410258259e-07 6.1368881268e-07 2.1692046639e-07 3.1536368810e-07 5.8262144273e-09 4.0144075442e-05 2.5746857385e-06 2.0000000000e-02 8.0642114479e+01
1.0400000000e+02 5.9438883787e-07 5.9397323996e-07 2.0400017286e-07 3.1629234874e-07 5.9137149279e-09 4.0168409423e-05 2.5005687896e-06 2.0000000000e-02 8.0883818450e+01
1.0500000000e+02 5.7559620263e-07 5.7517868575e-07 1.9190699726e-07 3.1726026034e-07 6.0062167221e-09 4.0194453689e-05 2.4203409382e-06 2.0000000000e-02 8.0870119869e+01
1.0600000000e+02 5.5781211966e-07 5.5739260175e-07 1.8057216968e-07 3.1826203514e-07 6.1033648048e-09 4.0222223046e-05 2.3570688048e-06 2.0000000000e-02 8.1012165000e+01
1.0700000000e+02 5.4079620490e-07 5.4037461238e-07 1.6991303339e-07 3.1929269433e-07 6.2048059321e-09 4.0251760206e-05 2.2881020549e-06 2.0000000000e-02 8.0984846113e+01
1.0800000000e+02 5.2459109718e-07 5.2416736285e-07 1.5993464079e-07 3.2034896630e-07 6.3102479037e-09 4.0282880100e-05 2.2200630929e-06 2.0000000000e-02 8.0388713992e+01
1.0900000000e+02 5.0916871698e-07 5.0874277922e-07 1.5065039702e-07 3.2142824525e-07 6.4194083034e-09 4.0315432024e-05 2.1588676646e-06 2.0000000000e-02 8.0287584392e+01
1.1000000000e+02 4.9448395276e-07 4.9405575407e-07 1.4200736476e-07 3.2252922818e-07 6.5320144127e-09 4.0349312153e-05 2.0896441023e-06 2.0000000000e-02 8.0697501544e+01
1.1100000000e+02 4.8051635312e-07 4.8008583895e-07 1.3397592690e-07 3.2365175187e-07 6.6478138126e-09 4.0384280770e-05 2.0264406978e-06 2.0000000000e-02 8.0763916581e+01
1.1200000000e+02 4.6719684840e-07 4.6676396497e-07 1.2649167239e-07 3.2479712014e-07 6.7666255466e-09 4.0420060323e-05 1.9666176295e-06 2.0000000000e-02 8.0310584716e+01
1.1300000000e+02 4.5449256138e-07 4.5405725720e-07 1.1950694976e-07 3.2596541121e-07 6.8882244466e-09 4.0456521653e-05 1.9092544235e-06 2.0000000000e-02 8.0586565528e+01
1.1400000000e+02 4.4240354926e-07 4.4196577459e-07 1.1298736358e-07 3.2715709589e-07 7.0123948630e-09 4.0493627367e-05 1.8464235733e-06 2.0000000000e-02 7.9931608095e+01
1.1500000000e+02 4.3088640842e-07 4.3044611529e-07 1.0690281477e-07 3.2837242187e-07 7.1389482251e-09 4.0531227809e-05 1.7853160528e-06 2.0000000000e-02 8.0232574115e+01
1.1600000000e+02 4.1985849942e-07 4.1941564221e-07 1.0126790689e-07 3.2961197853e-07 7.2676033943e-09 4.0569199347e-05 1.7298715659e-06 2.0000000000e-02 8.0814223271e+01
1.1700000000e+02 4.0936802862e-07 4.0892256237e-07 9.6019773564e-08 3.3087679848e-07 7.3981943950e-09 4.0607510631e-05 1.6763452360e-06 2.0000000000e-02 8.0428644909e+01
1.1800000000e+02 3.9935518099e-07 3.9890706078e-07 9.1148984520e-08 3.3216817834e-07 7.5305909478e-09 4.0646121535e-05 1.6221566262e-06 2.0000000000e-02 8.1075422475e+01
1.1900000000e+02 3.8979529703e-07 3.8934447799e-07 8.6615014094e-08 3.3348735693e-07 7.6646674532e-09 4.0685013972e-05 1.5691093166e-06 2.0000000000e-02 8.0682161038e+01
1.2000000000e+02 3.8068160136e-07 3.8022803821e-07 8.2389207326e-08 3.3483562458e-07 7.8003370674e-09 4.0724153428e-05 1.5187973629e-06 2.0000000000e-02 8.1217970881e+01
1.2100000000e+02 3.7198749385e-07 3.7153114006e-07 7.8441407381e-08 3.3621483054e-07 7.9375423586e-09 4.0763538798e-05 1.4665913604e-06 2.0000000000e-02 8.0243605419e+01
1.2200000000e+02 3.6371136386e-07 3.6325217252e-07 7.4756190563e-08 3.3762598831e-07 8.0762247076e-09 4.0803106310e-05 1.4227227560e-06 2.0000000000e-02 8.0736482529e+01
1.2300000000e+02 3.5580479746e-07 3.5534272114e-07 7.1330312104e-08 3.3907037167e-07 8.2163095683e-09 4.0842852380e-05 1.3766462772e-06 2.0000000000e-02 8.1009554261e+01
1.2400000000e+02 3.4823050148e-07 3.4776549186e-07 6.8095972605e-08 3.4054928062e-07 8.3577621788e-09 4.0882726974e-05 1.3337590156e-06 2.0000000000e-02 8.0586739026e+01
1.2500000000e+02 3.4101052591e-07 3.4054253599e-07 6.5066357364e-08 3.4206281859e-07 8.5004452813e-09 4.0922652048e-05 1.2951465131e-06 2.0000000000e-02 8.0602638352e+01
1.2600000000e+02 3.3408200442e-07 3.3361098734e-07 6.2240006263e-08 3.4361151648e-07 8.6442935199e-09 4.0962620395e-05 1.2524532222e-06 2.0000000000e-02 8.0584420747e+01
1.2700000000e+02 3.2746955610e-07 3.2699546556e-07 5.9584885480e-08 3.4519568453e-07 8.7892314125e-09 4.1002537530e-05 1.2095062976e-06 2.0000000000e-02 8.0294949383e+01
1.2800000000e+02 3.2113294026e-07 3.2065573466e-07 5.7099780031e-08 3.4681355708e-07 8.9349758373e-09 4.1042278778e-05 1.1716713824e-06 2.0000000000e-02 8.0720104448e+01
1.2900000000e+02 3.1507080353e-07 3.1459044069e-07 5.4773091104e-08 3.4846539270e-07 9.0815684825e-09 4.1081765290e-05 1.1341295996e-06 2.0000000000e-02 8.0402582464e+01
1.3000000000e+02 3.0926055573e-07 3.0877699110e-07 5.2595612926e-08 3.5015244207e-07 9.2291268883e-09 4.1120916813e-05 1.1027157498e-06 2.0000000000e-02 8.0854980939e+01
1.3100000000e+02 3.0367603273e-07 3.0318921981e-07 5.0564495687e-08 3.5187554014e-07 9.3777711510e-09 4.1159668666e-05 1.0709062630e-06 2.0000000000e-02 8.0648280265e+01
1.3200000000e+02 2.9832019692e-07 2.9783008791e-07 4.8664096523e-08 3.5363519507e-07 9.5275841567e-09 4.1197975598e-05 1.0367024223e-06 2.0000000000e-02 8.0700201426e+01
1.3300000000e+02 2.9320844199e-07 2.9271499101e-07 4.6893808805e-08 3.5543047611e-07 9.6784799594e-09 4.1235712378e-05 1.0024710650e-06 2.0000000000e-02 8.1224494798e+01
1.3400000000e+02 2.8829660427e-07 2.8779976680e-07 4.5256836507e-08 3.5726062390e-07 9.8304125271e-09 4.1272724113e-05 9.7586258062e-07 2.0000000000e-02 8.0656035055e+01
1.3500000000e+02 2.8358772128e-07 2.8308745818e-07 4.3740854272e-08 3.5912261009e-07 9.9831551928e-09 4.1308942378e-05 9.5245003149e-07 2.0000000000e-02 8.0470762315e+01
1.3600000000e+02 2.7905064160e-07 2.7854691542e-07 4.2332688172e-08 3.6101517152e-07 1.0136661323e-08 4.1344396091e-05 9.2889919446e-07 2.0000000000e-02 8.1010654381e+01
1.3700000000e+02 2.7469211563e-07 2.7418489091e-07 4.1030555348e-08 3.6293686221e-07 1.0290876654e-08 4.1379091977e-05 9.0711331691e-07 2.0000000000e-02 8.0658841900e+01
1.3800000000e+02 2.7048935138e-07 2.6997859381e-07 3.9813392934e-08 3.6488666670e-07 1.0445781855e-08 4.1413078716e-05 8.8562113046e-07 2.0000000000e-02 8.0724209961e+01
1.3900000000e+02 2.6644594886e-07 2.6593162596e-07 3.8679073143e-08 3.6686325412e-07 1.0601327998e-08 4.1446363694e-05 8.6661307849e-07 2.0000000000e-02 8.0917809852e+01
1.4000000000e+02 2.6255087729e-07 2.6203295822e-07 3.7619224511e-08 3.6886546718e-07 1.0757463935e-08 4.1478955626e-05 8.4665948722e-07 2.0000000000e-02 8.0797330406e+01
1.4100000000e+02 2.5879859446e-07 2.5827705132e-07 3.6630519992e-08 3.7089173008e-07 1.0914053876e-08 4.1510872783e-05 8.2868228318e-07 2.0000000000e-02 8.0546291882e+01
1.4200000000e+02 2.5516878698e-07 2.5464359380e-07 3.5715268817e-08 3.7294085162e-07 1.1071019102e-08 4.1542136119e-05 8.1260160601e-07 2.0000000000e-02 8.1117004497e+01
1.4300000000e+02 2.5167017653e-07 2.5114131032e-07 3.4852311313e-08 3.7501108454e-07 1.1228234968e-08 4.1572778031e-05 7.9353252866e-07 2.0000000000e-02 8.0461752807e+01
1.4400000000e+02 2.4829272526e-07 2.4776016645e-07 3.4043283931e-08 3.7710035076e-07 1.1385565834e-08 4.1602800071e-05 7.7710122390e-07 2.0000000000e-02 8.0515707956e+01
1.4500000000e+02 2.4503816086e-07 2.4450189427e-07 3.3290758340e-08 3.7920607961e-07 1.1542826900e-08 4.1632242435e-05 7.5949576685e-07 2.0000000000e-02 8.1055537272e+01
1.4600000000e+02 2.4189349901e-07 2.4135351287e-07 3.2587589394e-08 3.8132630475e-07 1.1699873476e-08 4.1661107894e-05 7.4448349942e-07 2.0000000000e-02 8.0931195872e+01
1.4700000000e+02 2.3886077001e-07 2.3831705785e-07 3.1932356250e-08 3.8345805424e-07 1.1856465991e-08 4.1689440933e-05 7.2975298604e-07 2.0000000000e-02 8.0416191245e+01
1.4800000000e+02 2.3592713049e-07 2.3537969085e-07 3.1320291316e-08 3.8559846735e-07 1.2012388304e-08 4.1717285871e-05 7.1413438294e-07 2.0000000000e-02 8.0976548321e+01
1.4900000000e+02 2.3310153946e-07 2.3255037643e-07 3.0746336643e-08 3.8774420398e-07 1.2167415475e-08 4.1744667499e-05 6.9839838393e-07 2.0000000000e-02 8.0842621094e+01
1.5000000000e+02 2.3037056687e-07 2.2981569044e-07 3.0209959564e-08 3.8989183263e-07 1.2321301853e-08 4.1771577273e-05 6.8598852611e-07 2.0000000000e-02 8.0817821383e+01
1.5100000000e+02 2.2773568449e-07 2.2717711152e-07 2.9698113333e-08 3.9203737411e-07 1.2473753523e-08 4.1798057304e-05 6.7373481994e-07 2.0000000000e-02 8.1035504293e+01
1.5200000000e+02 2.2519878398e-07 2.2463653744e-07 2.9215520535e-08 3.9417715122e-07 1.2624522716e-08 4.1824153475e-05 6.5985056411e-07 2.0000000000e-02 8.0901414065e+01
1.5300000000e+02 2.2274333988e-07 2.2217744905e-07 2.8753094916e-08 3.9630745021e-07 1.2773350412e-08 4.1849876416e-05 6.4659591774e-07 2.0000000000e-02 8.0381055207e+01
1.5400000000e+02 2.2037096426e-07 2.1980146479e-07 2.8311578335e-08 3.9842442606e-07 1.2919981723e-08 4.1875236193e-05 6.3596842932e-07 2.0000000000e-02 8.0992147782e+01
1.5500000000e+02 2.1807527611e-07 2.1750220928e-07 2.7890807981e-08 4.0052452288e-07 1.3064208077e-08 4.1900226348e-05 6.2386005695e-07 1.0000000000e-02 8.1393100720e+01
1.5600000000e+02 2.1585753745e-07 2.1528095030e-07 2.7486828901e-08 4.0260409719e-07 1.3205818009e-08 4.1924873817e-05 6.1364549492e-07 1.0000000000e-02 8.0856367389e+01
1.5700000000e+02 2.1478008903e-07 2.1420177461e-07 2.7291140139e-08 4.0362773591e-07 1.3274970191e-08 4.1936990549e-05 6.0709777707e-07 1.0000000000e-02 8.0983088824e+01
1.5800000000e+02 2.1373045410e-07 2.1315045080e-07 2.7099316723e-08 4.0463156586e-07 1.3342286445e-08 4.1948866014e-05 6.0190100580e-07 1.0000000000e-02 8.1207312667e+01
1.5900000000e+02 2.1269763406e-07 2.1211597903e-07 2.6913517377e-08 4.0561619539e-07 1.3407832600e-08 4.1960509450e-05 5.9657532814e-07 1.0000000000e-02 8.1214608022e+01
1.6000000000e+02 2.1168747110e-07 2.1110420017e-07 2.6733924479e-08 4.0658224732e-07 1.3471674867e-08 4.1971929130e-05 5.9104354532e-07 5.0000000000e-03 8.1176444910e+01
1.6100000000e+02 2.1070512793e-07 2.1012027593e-07 2.6560688707e-08 4.0753022289e-07 1.3533864214e-08 4.1983130994e-05 5.8576196929e-07 5.0000000000e-03 8.1038996468e+01
1.6200000000e+02 2.1021818654e-07 2.0963256219e-07 2.6477106116e-08 4.0799460690e-07 1.3564112642e-08 4.1988618852e-05 5.8368926694e-07 5.0000000000e-03 8.1117453763e+01
1.6300000000e+02 2.0973821076e-07 2.0915183226e-07 2.6396349159e-08 4.0844924656e-07 1.3593526592e-08 4.1993994349e-05 5.8056442479e-07 5.0000000000e-03 8.1462188926e+01
1.6400000000e+02 2.0926370498e-07 2.0867658936e-07 2.6318143949e-08 4.0889476411e-07 1.3622159371e-08 4.1999263029e-05 5.7756157574e-07 2.5000000000e-03 8.0852975093e+01
1.6500000000e+02 2.0879573048e-07 2.0820789364e-07 2.6242760137e-08 4.0933177576e-07 1.3650062579e-08 4.2004430812e-05 5.7500538535e-07 2.5000000000e-03 8.1205804591e+01
1.6600000000e+02 2.0856447785e-07 2.0797628811e-07 2.6206229344e-08 4.0954614178e-07 1.3663662652e-08 4.2006965671e-05 5.7404521227e-07 2.5000000000e-03 8.0975216900e+01
