Gauge 1 Location: X=300.0, Y=700.0
Time(s) Depth(m) Elevation(m)
0.000 0.000 0.003
10.000 0.000 0.003
20.000 0.000 0.003
30.000 0.000 0.003
40.000 0.000 0.003
50.000 0.000 0.003
60.000 0.000 0.003
70.000 0.000 0.003
80.000 0.000 0.003
90.000 0.000 0.003
100.000 0.000 0.003
110.000 0.000 0.003
120.000 0.000 0.003
130.000 0.000 0.003
140.000 0.000 0.003
150.000 0.000 0.003
160.000 0.000 0.003
170.000 0.000 0.003
180.000 0.000 0.003
190.000 0.000 0.003
200.000 0.000 0.003
210.000 0.000 0.003
220.000 0.000 0.003
230.000 0.000 0.003
240.000 0.000 0.003
250.000 0.000 0.003
260.000 0.000 0.003
270.000 0.000 0.003
280.000 0.000 0.003
290.000 0.000 0.003
300.000 0.000 0.003
310.000 0.000 0.003
320.000 0.000 0.003
330.000 0.000 0.003
340.000 0.000 0.003
350.000 0.000 0.003
360.000 0.000 0.003
370.000 0.000 0.003
380.000 0.000 0.003
390.000 0.000 0.003
400.000 0.000 0.003
410.000 0.000 0.003
420.000 0.000 0.003
430.000 0.000 0.003
440.000 0.000 0.003
450.000 0.000 0.003
460.000 0.000 0.003
470.000 0.000 0.003
480.000 0.000 0.003
490.000 0.000 0.003
500.000 0.000 0.003
510.000 0.000 0.003
520.000 0.000 0.003
530.000 0.000 0.003
540.000 0.000 0.003
550.000 0.000 0.003
560.000 0.000 0.003
570.000 0.000 0.003
580.000 0.000 0.003
590.000 0.000 0.003
600.000 0.000 0.003
610.000 0.000 0.003
620.000 0.000 0.003
630.000 0.000 0.003
640.000 0.000 0.003
650.000 0.000 0.003
660.000 0.000 0.003
670.000 0.000 0.003
680.000 0.000 0.003
690.000 0.000 0.003
700.000 0.000 0.003
710.000 0.000 0.003
720.000 0.000 0.003
730.000 0.000 0.003
740.000 0.000 0.003
750.000 0.000 0.003
760.000 0.000 0.003
770.000 0.000 0.003
780.000 0.000 0.003
790.000 0.000 0.003
800.000 0.000 0.003
810.000 0.000 0.003
820.000 0.000 0.003
830.000 0.000 0.003
840.000 0.000 0.003
850.000 0.000 0.003
860.000 0.000 0.003
870.000 0.000 0.003
880.000 0.000 0.003
890.000 0.000 0.003
900.000 0.000 0.003
910.000 0.000 0.003
920.000 0.000 0.003
930.000 0.000 0.003
940.000 0.000 0.003
950.000 0.000 0.003
960.000 0.000 0.003
970.000 0.000 0.003
980.000 0.000 0.003
990.000 0.000 0.003
1000.000 0.000 0.003
1010.000 0.000 0.003
1020.000 0.000 0.003
1030.000 0.000 0.003
1040.000 0.000 0.003
1050.000 0.000 0.003
1060.000 0.000 0.003
1070.000 0.000 0.003
1080.000 0.000 0.003
1090.000 0.000 0.003
1100.000 0.000 0.003
1110.000 0.000 0.003
1120.000 0.000 0.003
1130.000 0.000 0.003
1140.000 0.000 0.003
1150.000 0.000 0.003
1160.000 0.000 0.003
1170.000 0.000 0.003
1180.000 0.000 0.003
1190.000 0.000 0.003
1200.000 0.000 0.003
1210.000 0.000 0.003
1220.000 0.000 0.003
1230.000 0.000 0.003
1240.000 0.000 0.003
1250.000 0.000 0.003
1260.000 0.000 0.003
1270.000 0.000 0.003
1280.000 0.000 0.003
1290.000 0.000 0.003
1300.000 0.000 0.003
1310.000 0.000 0.003
1320.000 0.000 0.003
1330.000 0.000 0.003
1340.000 0.000 0.003
1350.000 0.000 0.003
1360.000 0.000 0.003
1370.000 0.000 0.003
1380.000 0.000 0.003
1390.000 0.000 0.003
1400.000 0.000 0.003
1410.000 0.000 0.003
1420.000 0.000 0.003
1430.000 0.000 0.003
1440.000 0.000 0.003
1450.000 0.000 0.003
1460.000 0.000 0.003
1470.000 0.000 0.003
1480.000 0.000 0.003
1490.000 0.000 0.003
1500.000 0.000 0.003
1510.000 0.000 0.003
1520.000 0.000 0.003
1530.000 0.000 0.003
1540.000 0.000 0.003
1550.000 0.000 0.003
1560.000 0.000 0.003
1570.000 0.000 0.003
1580.000 0.000 0.003
1590.000 0.000 0.003
1600.000 0.000 0.003
1610.000 0.000 0.003
1620.000 0.000 0.003
1630.000 0.000 0.003
1640.000 0.000 0.003
1650.000 0.000 0.003
1660.000 0.000 0.003
1670.000 0.000 0.003
1680.000 0.000 0.003
1690.000 0.000 0.003
1700.000 0.000 0.003
1710.000 0.000 0.003
1720.000 0.000 0.003
1730.000 0.000 0.003
1740.000 0.000 0.003
1750.000 0.000 0.003
1760.000 0.000 0.003
1770.000 0.000 0.003
1780.000 0.000 0.003
1790.000 0.000 0.003
1800.000 0.000 0.003
1810.000 0.000 0.003
1820.000 0.000 0.003
1830.000 0.000 0.003
1840.000 0.000 0.003
1850.000 0.000 0.003
1860.000 0.000 0.003
1870.000 0.000 0.003
1880.000 0.000 0.003
1890.000 0.000 0.003
1900.000 0.000 0.003
1910.000 0.000 0.003
1920.000 0.000 0.003
1930.000 0.000 0.003
1940.000 0.000 0.003
1950.000 0.000 0.003
1960.000 0.000 0.003
1970.000 0.000 0.003
1980.000 0.000 0.003
1990.000 0.000 0.003
2000.000 0.000 0.003
2010.000 0.000 0.003
2020.000 0.000 0.003
2030.000 0.000 0.003
2040.000 0.000 0.003
2050.000 0.000 0.003
2060.000 0.000 0.003
2070.000 0.000 0.003
2080.000 0.000 0.003
2090.000 0.000 0.003
2100.000 0.000 0.003
2110.000 0.000 0.003
2120.000 0.000 0.003
2130.000 0.000 0.003
2140.000 0.000 0.003
2150.000 0.000 0.003
2160.000 0.000 0.003
2170.000 0.000 0.003
2180.000 0.000 0.003
2190.000 0.000 0.003
2200.000 0.000 0.003
2210.000 0.000 0.003
2220.000 0.000 0.003
2230.000 0.000 0.003
2240.000 0.000 0.003
2250.000 0.000 0.003
2260.000 0.000 0.003
2270.000 0.000 0.003
2280.000 0.000 0.003
2290.000 0.000 0.003
2300.000 0.000 0.003
2310.000 0.000 0.003
2320.000 0.000 0.003
2330.000 0.000 0.003
2340.000 0.000 0.003
2350.000 0.000 0.003
2360.000 0.000 0.003
2370.000 0.000 0.003
2380.000 0.000 0.003
2390.000 0.000 0.003
2400.000 0.000 0.003
2410.000 0.000 0.003
2420.000 0.000 0.003
2430.000 0.000 0.003
2440.000 0.000 0.003
2450.000 0.000 0.003
2460.000 0.000 0.003
2470.000 0.000 0.003
2480.000 0.000 0.003
2490.000 0.000 0.003
2500.000 0.000 0.003
2510.000 0.000 0.003
2520.000 0.000 0.003
2530.000 0.000 0.003
2540.000 0.000 0.003
2550.000 0.000 0.003
2560.000 0.000 0.003
2570.000 0.000 0.003
2580.000 0.000 0.003
2590.000 0.000 0.003
2600.000 0.000 0.003
2610.000 0.000 0.003
2620.000 0.000 0.003
2630.000 0.000 0.003
2640.000 0.000 0.003
2650.000 0.000 0.003
2660.000 0.000 0.003
2670.000 0.000 0.003
2680.000 0.000 0.003
2690.000 0.000 0.003
2700.000 0.000 0.003
2710.000 0.000 0.003
2720.000 0.000 0.003
2730.000 0.000 0.003
2740.000 0.000 0.003
2750.000 0.000 0.003
2760.000 0.000 0.003
2770.000 0.000 0.003
2780.000 0.000 0.003
2790.000 0.000 0.003
2800.000 0.000 0.003
2810.000 0.000 0.003
2820.000 0.000 0.003
2830.000 0.000 0.003
2840.000 0.000 0.003
2850.000 0.000 0.003
2860.000 0.000 0.003
2870.000 0.000 0.003
2880.000 0.000 0.003
2890.000 0.000 0.003
2900.000 0.000 0.003
2910.000 0.000 0.003
2920.000 0.000 0.003
2930.000 0.000 0.003
2940.000 0.000 0.003
2950.000 0.000 0.003
2960.000 0.000 0.003
2970.000 0.000 0.003
2980.000 0.000 0.003
2990.000 0.000 0.003
3000.000 0.000 0.003
3010.000 0.000 0.003
3020.000 0.000 0.003
3030.000 0.000 0.003
3040.000 0.000 0.003
3050.000 0.000 0.003
3060.000 0.000 0.003
3070.000 0.000 0.003
3080.000 0.000 0.003
3090.000 0.000 0.003
3100.000 0.000 0.003
3110.000 0.000 0.003
3120.000 0.000 0.003
3130.000 0.000 0.003
3140.000 0.000 0.003
3150.000 0.000 0.003
3160.000 0.000 0.003
3170.000 0.000 0.003
3180.000 0.000 0.003
3190.000 0.000 0.003
3200.000 0.000 0.003
3210.000 0.000 0.003
3220.000 0.000 0.003
3230.000 0.000 0.003
3240.000 0.000 0.003
3250.000 0.000 0.003
3260.000 0.000 0.003
3270.000 0.000 0.003
3280.000 0.000 0.003
3290.000 0.000 0.003
3300.000 0.000 0.003
3310.000 0.000 0.003
3320.000 0.000 0.003
3330.000 0.000 0.003
3340.000 0.000 0.003
3350.000 0.000 0.003
3360.000 0.000 0.003
3370.000 0.000 0.003
3380.000 0.000 0.003
3390.000 0.000 0.003
3400.000 0.000 0.003
3410.000 0.000 0.003
3420.000 0.000 0.003
3430.000 0.000 0.003
3440.000 0.000 0.003
3450.000 0.000 0.003
3460.000 0.000 0.003
3470.000 0.000 0.003
3480.000 0.000 0.003
3490.000 0.000 0.003
3500.000 0.000 0.003
3510.000 0.000 0.003
3520.000 0.000 0.003
3530.000 0.000 0.003
3540.000 0.000 0.003
3550.000 0.000 0.003
3560.000 0.000 0.003
3570.000 0.000 0.003
3580.000 0.000 0.003
3590.000 0.000 0.003
3600.000 0.000 0.003
